nger,npop,cp,mp,xmaxc,xmax_edge,exec,g,worstFit,fit_avg,bestFit,desvPad,c,weights
150,30,0.8,0.05,2.0,110,0,0,1.5601426676318234e+58,5.20983992577695e+56,6640.553081060795,2.800371444855206e+57,0.1450310302601876,[ 78.71281855  65.2147402   97.14652808  27.06976727  28.93960157  35.2704524   76.3003116   22.67352387  71.28520024 107.83452784  32.79529283  99.64912321   6.34767374  81.01705309  73.13838749]
150,30,0.8,0.05,2.0,110,0,1,4.096055969261516e+53,1.3653646569751796e+52,6640.553081060795,7.35264313250387e+52,0.1450310302601876,[ 78.71281855  65.2147402   97.14652808  27.06976727  28.93960157  35.2704524   76.3003116   22.67352387  71.28520024 107.83452784  32.79529283  99.64912321   6.34767374  81.01705309  73.13838749]
150,30,0.8,0.05,2.0,110,0,2,6.315107000917626e+53,2.1050357722306702e+52,5461.00534334119,1.1335963971997512e+53,0.02682819589378292,[ 71.48029274  21.56963135  57.07445716  33.52056855  73.38258748  12.85559666  88.24097788  57.35867287  53.97377285  35.33950136  32.63271685  23.41636556  64.26685354  51.03362244 106.7300038 ]
150,30,0.8,0.05,2.0,110,0,3,7.661116506805331e+40,2.553705502301559e+39,5461.00534334119,1.3752124998595618e+40,0.02682819589378292,[ 71.48029274  21.56963135  57.07445716  33.52056855  73.38258748  12.85559666  88.24097788  57.35867287  53.97377285  35.33950136  32.63271685  23.41636556  64.26685354  51.03362244 106.7300038 ]
150,30,0.8,0.05,2.0,110,0,4,30809995.9989184,1619586.6475184087,5461.00534334119,5629406.368643601,0.02682819589378292,[ 71.48029274  21.56963135  57.07445716  33.52056855  73.38258748  12.85559666  88.24097788  57.35867287  53.97377285  35.33950136  32.63271685  23.41636556  64.26685354  51.03362244 106.7300038 ]
150,30,0.8,0.05,2.0,110,0,5,28412015.093559492,1110409.4554639687,3509.615969825715,5088431.253843045,0.04574345775263169,[93.58610793 51.36249531 56.62816938 65.10826326 49.85321633 34.52126758 75.7679973  94.61048435 41.78754517 90.57190287 39.54383211 55.29037425 70.95232906 43.47233882 45.40778914]
150,30,0.8,0.05,2.0,110,0,6,5029462.844745596,212370.56414182263,3509.615969825715,895656.2560541277,0.04574345775263169,[93.58610793 51.36249531 56.62816938 65.10826326 49.85321633 34.52126758 75.7679973  94.61048435 41.78754517 90.57190287 39.54383211 55.29037425 70.95232906 43.47233882 45.40778914]
150,30,0.8,0.05,2.0,110,0,7,6.316620361622889e+23,2.105540120540963e+22,3509.615969825715,1.1338680557146931e+23,0.04574345775263169,[93.58610793 51.36249531 56.62816938 65.10826326 49.85321633 34.52126758 75.7679973  94.61048435 41.78754517 90.57190287 39.54383211 55.29037425 70.95232906 43.47233882 45.40778914]
150,30,0.8,0.05,2.0,110,0,8,4916020.660734731,225265.27661954515,3509.615969825715,875777.4829402593,0.04574345775263169,[93.58610793 51.36249531 56.62816938 65.10826326 49.85321633 34.52126758 75.7679973  94.61048435 41.78754517 90.57190287 39.54383211 55.29037425 70.95232906 43.47233882 45.40778914]
150,30,0.8,0.05,2.0,110,0,9,1965403.3042788142,118038.3679272235,3509.615969825715,350212.37615696975,0.04574345775263169,[93.58610793 51.36249531 56.62816938 65.10826326 49.85321633 34.52126758 75.7679973  94.61048435 41.78754517 90.57190287 39.54383211 55.29037425 70.95232906 43.47233882 45.40778914]
150,30,0.8,0.05,2.0,110,0,10,383632.31673470617,68479.88622956678,3509.615969825715,80494.48842919586,0.04574345775263169,[93.58610793 51.36249531 56.62816938 65.10826326 49.85321633 34.52126758 75.7679973  94.61048435 41.78754517 90.57190287 39.54383211 55.29037425 70.95232906 43.47233882 45.40778914]
150,30,0.8,0.05,2.0,110,0,11,230686.6339291919,41718.340479648075,3509.615969825715,43742.69701719068,0.04574345775263169,[93.58610793 51.36249531 56.62816938 65.10826326 49.85321633 34.52126758 75.7679973  94.61048435 41.78754517 90.57190287 39.54383211 55.29037425 70.95232906 43.47233882 45.40778914]
150,30,0.8,0.05,2.0,110,0,12,98835.3187080353,37093.80365455268,3509.615969825715,22421.51400714215,0.04574345775263169,[93.58610793 51.36249531 56.62816938 65.10826326 49.85321633 34.52126758 75.7679973  94.61048435 41.78754517 90.57190287 39.54383211 55.29037425 70.95232906 43.47233882 45.40778914]
150,30,0.8,0.05,2.0,110,0,13,152000.67987888493,35058.51233006916,3509.615969825715,35354.501798440375,0.04574345775263169,[93.58610793 51.36249531 56.62816938 65.10826326 49.85321633 34.52126758 75.7679973  94.61048435 41.78754517 90.57190287 39.54383211 55.29037425 70.95232906 43.47233882 45.40778914]
150,30,0.8,0.05,2.0,110,0,14,345378.98433126195,51124.42405515416,3509.615969825715,65982.42091379738,0.04574345775263169,[93.58610793 51.36249531 56.62816938 65.10826326 49.85321633 34.52126758 75.7679973  94.61048435 41.78754517 90.57190287 39.54383211 55.29037425 70.95232906 43.47233882 45.40778914]
150,30,0.8,0.05,2.0,110,0,15,110971.6659109068,27784.19066422331,3509.615969825715,28779.426001166717,0.04574345775263169,[93.58610793 51.36249531 56.62816938 65.10826326 49.85321633 34.52126758 75.7679973  94.61048435 41.78754517 90.57190287 39.54383211 55.29037425 70.95232906 43.47233882 45.40778914]
150,30,0.8,0.05,2.0,110,0,16,2.9139756713061696e+16,971325223796490.2,3509.615969825715,5230746411316219.0,0.04574345775263169,[93.58610793 51.36249531 56.62816938 65.10826326 49.85321633 34.52126758 75.7679973  94.61048435 41.78754517 90.57190287 39.54383211 55.29037425 70.95232906 43.47233882 45.40778914]
150,30,0.8,0.05,2.0,110,0,17,1.5935547497809773e+33,5.311849166208458e+31,3033.1656366292427,2.8605183189158014e+32,0.22846298676381693,[ 87.98957027  54.70568354  91.08382861  59.97425488  52.05703734 109.88856017  71.31622315 104.35682816  36.08680172  41.98883819  54.28033962  47.83870044  72.07645269  64.10900512  67.82029994]
150,30,0.8,0.05,2.0,110,0,18,512101.1374020135,52785.516451120115,3033.1656366292427,101007.77903090275,0.22846298676381693,[ 87.98957027  54.70568354  91.08382861  59.97425488  52.05703734 109.88856017  71.31622315 104.35682816  36.08680172  41.98883819  54.28033962  47.83870044  72.07645269  64.10900512  67.82029994]
150,30,0.8,0.05,2.0,110,0,19,379611.33506419073,58069.95536642278,3033.1656366292427,87174.9984515038,0.22846298676381693,[ 87.98957027  54.70568354  91.08382861  59.97425488  52.05703734 109.88856017  71.31622315 104.35682816  36.08680172  41.98883819  54.28033962  47.83870044  72.07645269  64.10900512  67.82029994]
150,30,0.8,0.05,2.0,110,0,20,339794.2621748336,37246.29009411355,2649.29356778209,59957.30922482111,0.14727287674237619,[90.04498689 66.38770331 94.30281934 78.27392792 44.00511179 84.68490706 58.81046985 75.35020702 56.50699001 51.95478433 99.79698454 85.59774002 62.05137308 25.42544954 97.24663007]
150,30,0.8,0.05,2.0,110,0,21,492639.4044559306,47767.15944160028,2243.6859252813997,92057.4563785165,0.04379390763373358,[ 81.79904279  80.11515085  98.6872788   12.83610379  33.4400231  80.80749835  57.46250148  82.84244346  57.51481996  23.71571109 103.88044572  99.23316602  51.85354501  22.39123012  89.86711775]
150,30,0.8,0.05,2.0,110,0,22,507799.99521773,40698.287517030716,2243.6859252813997,93483.63860638831,0.04379390763373358,[ 81.79904279  80.11515085  98.6872788   12.83610379  33.4400231  80.80749835  57.46250148  82.84244346  57.51481996  23.71571109 103.88044572  99.23316602  51.85354501  22.39123012  89.86711775]
150,30,0.8,0.05,2.0,110,0,23,1.4439245628764564e+32,4.8130818762548546e+30,2243.6859252813997,2.591923913386455e+31,0.04379390763373358,[ 81.79904279  80.11515085  98.6872788   12.83610379  33.4400231  80.80749835  57.46250148  82.84244346  57.51481996  23.71571109 103.88044572  99.23316602  51.85354501  22.39123012  89.86711775]
150,30,0.8,0.05,2.0,110,0,24,3399514.540271722,140963.1456596464,2243.6859252813997,606656.1180531993,0.04379390763373358,[ 81.79904279  80.11515085  98.6872788   12.83610379  33.4400231  80.80749835  57.46250148  82.84244346  57.51481996  23.71571109 103.88044572  99.23316602  51.85354501  22.39123012  89.86711775]
150,30,0.8,0.05,2.0,110,0,25,101194.12652357826,18992.14127902009,1131.2550048870328,20245.19768739295,0.021513391151824282,[101.32764046  65.15538642  53.39966872  46.22912002  28.94132914  26.88373617  70.33045567  95.39539746 108.96146749  98.87229477  72.14339839  69.73317234  49.82654559  27.01978642  95.74720473]
150,30,0.8,0.05,2.0,110,0,26,77341.67078961284,17153.283128289822,1131.2550048870328,19454.905299389855,0.021513391151824282,[101.32764046  65.15538642  53.39966872  46.22912002  28.94132914  26.88373617  70.33045567  95.39539746 108.96146749  98.87229477  72.14339839  69.73317234  49.82654559  27.01978642  95.74720473]
150,30,0.8,0.05,2.0,110,0,27,274156.18978799967,22598.920904014718,1131.2550048870328,49610.60072749365,0.021513391151824282,[101.32764046  65.15538642  53.39966872  46.22912002  28.94132914  26.88373617  70.33045567  95.39539746 108.96146749  98.87229477  72.14339839  69.73317234  49.82654559  27.01978642  95.74720473]
150,30,0.8,0.05,2.0,110,0,28,97465.31634895962,12507.174278558821,1131.2550048870328,18722.77270244917,0.021513391151824282,[101.32764046  65.15538642  53.39966872  46.22912002  28.94132914  26.88373617  70.33045567  95.39539746 108.96146749  98.87229477  72.14339839  69.73317234  49.82654559  27.01978642  95.74720473]
150,30,0.8,0.05,2.0,110,0,29,199824.8833468989,20034.753460707205,1131.2550048870328,38336.10550732471,0.021513391151824282,[101.32764046  65.15538642  53.39966872  46.22912002  28.94132914  26.88373617  70.33045567  95.39539746 108.96146749  98.87229477  72.14339839  69.73317234  49.82654559  27.01978642  95.74720473]
150,30,0.8,0.05,2.0,110,0,30,81795.88898620871,13176.735589773714,1131.2550048870328,15880.250917820787,0.021513391151824282,[101.32764046  65.15538642  53.39966872  46.22912002  28.94132914  26.88373617  70.33045567  95.39539746 108.96146749  98.87229477  72.14339839  69.73317234  49.82654559  27.01978642  95.74720473]
150,30,0.8,0.05,2.0,110,0,31,233140.37186656063,27587.51159856424,1131.2550048870328,47916.75666426991,0.021513391151824282,[101.32764046  65.15538642  53.39966872  46.22912002  28.94132914  26.88373617  70.33045567  95.39539746 108.96146749  98.87229477  72.14339839  69.73317234  49.82654559  27.01978642  95.74720473]
150,30,0.8,0.05,2.0,110,0,32,115752.65703389564,25373.349003671607,1131.2550048870328,32272.953448038,0.021513391151824282,[101.32764046  65.15538642  53.39966872  46.22912002  28.94132914  26.88373617  70.33045567  95.39539746 108.96146749  98.87229477  72.14339839  69.73317234  49.82654559  27.01978642  95.74720473]
150,30,0.8,0.05,2.0,110,0,33,914465.8495339465,71365.02690131434,1131.2550048870328,170696.19941070798,0.021513391151824282,[101.32764046  65.15538642  53.39966872  46.22912002  28.94132914  26.88373617  70.33045567  95.39539746 108.96146749  98.87229477  72.14339839  69.73317234  49.82654559  27.01978642  95.74720473]
150,30,0.8,0.05,2.0,110,0,34,1524978.1470130088,147033.37359681664,1131.2550048870328,347040.5938156188,0.021513391151824282,[101.32764046  65.15538642  53.39966872  46.22912002  28.94132914  26.88373617  70.33045567  95.39539746 108.96146749  98.87229477  72.14339839  69.73317234  49.82654559  27.01978642  95.74720473]
150,30,0.8,0.05,2.0,110,0,35,17743983.873783216,673971.1446826537,1131.2550048870328,3172176.1545155654,0.021513391151824282,[101.32764046  65.15538642  53.39966872  46.22912002  28.94132914  26.88373617  70.33045567  95.39539746 108.96146749  98.87229477  72.14339839  69.73317234  49.82654559  27.01978642  95.74720473]
150,30,0.8,0.05,2.0,110,0,36,321391.3419159734,55913.036763116295,1131.2550048870328,76370.63665553766,0.021513391151824282,[101.32764046  65.15538642  53.39966872  46.22912002  28.94132914  26.88373617  70.33045567  95.39539746 108.96146749  98.87229477  72.14339839  69.73317234  49.82654559  27.01978642  95.74720473]
150,30,0.8,0.05,2.0,110,0,37,159241.58467776078,31772.519749540745,1131.2550048870328,34044.15288769551,0.021513391151824282,[101.32764046  65.15538642  53.39966872  46.22912002  28.94132914  26.88373617  70.33045567  95.39539746 108.96146749  98.87229477  72.14339839  69.73317234  49.82654559  27.01978642  95.74720473]
150,30,0.8,0.05,2.0,110,0,38,161223.29555110412,26139.057926340185,1131.2550048870328,28563.906277509956,0.021513391151824282,[101.32764046  65.15538642  53.39966872  46.22912002  28.94132914  26.88373617  70.33045567  95.39539746 108.96146749  98.87229477  72.14339839  69.73317234  49.82654559  27.01978642  95.74720473]
150,30,0.8,0.05,2.0,110,0,39,48646.00960271012,17819.985516769193,1131.2550048870328,13916.46519489676,0.021513391151824282,[101.32764046  65.15538642  53.39966872  46.22912002  28.94132914  26.88373617  70.33045567  95.39539746 108.96146749  98.87229477  72.14339839  69.73317234  49.82654559  27.01978642  95.74720473]
150,30,0.8,0.05,2.0,110,0,40,166484.67422683042,18949.871253643018,1131.2550048870328,33967.86668144974,0.021513391151824282,[101.32764046  65.15538642  53.39966872  46.22912002  28.94132914  26.88373617  70.33045567  95.39539746 108.96146749  98.87229477  72.14339839  69.73317234  49.82654559  27.01978642  95.74720473]
150,30,0.8,0.05,2.0,110,0,41,2175228.1276265415,84940.29431222207,1131.2550048870328,388382.87587643217,0.021513391151824282,[101.32764046  65.15538642  53.39966872  46.22912002  28.94132914  26.88373617  70.33045567  95.39539746 108.96146749  98.87229477  72.14339839  69.73317234  49.82654559  27.01978642  95.74720473]
150,30,0.8,0.05,2.0,110,0,42,1.7876954066980604e+45,5.958984688993534e+43,1131.2550048870328,3.209011463342132e+44,0.021513391151824282,[101.32764046  65.15538642  53.39966872  46.22912002  28.94132914  26.88373617  70.33045567  95.39539746 108.96146749  98.87229477  72.14339839  69.73317234  49.82654559  27.01978642  95.74720473]
150,30,0.8,0.05,2.0,110,0,43,22230418703.91354,741135000.570537,1131.2550048870328,3990459820.133169,0.021513391151824282,[101.32764046  65.15538642  53.39966872  46.22912002  28.94132914  26.88373617  70.33045567  95.39539746 108.96146749  98.87229477  72.14339839  69.73317234  49.82654559  27.01978642  95.74720473]
150,30,0.8,0.05,2.0,110,0,44,1354204.781279435,127315.56766745563,1131.2550048870328,332544.2129956104,0.021513391151824282,[101.32764046  65.15538642  53.39966872  46.22912002  28.94132914  26.88373617  70.33045567  95.39539746 108.96146749  98.87229477  72.14339839  69.73317234  49.82654559  27.01978642  95.74720473]
150,30,0.8,0.05,2.0,110,0,45,943644.6452086192,89098.89988318915,1131.2550048870328,201825.73767396566,0.021513391151824282,[101.32764046  65.15538642  53.39966872  46.22912002  28.94132914  26.88373617  70.33045567  95.39539746 108.96146749  98.87229477  72.14339839  69.73317234  49.82654559  27.01978642  95.74720473]
150,30,0.8,0.05,2.0,110,0,46,244554.2301149275,30429.62164406022,1131.2550048870328,55594.96328016532,0.021513391151824282,[101.32764046  65.15538642  53.39966872  46.22912002  28.94132914  26.88373617  70.33045567  95.39539746 108.96146749  98.87229477  72.14339839  69.73317234  49.82654559  27.01978642  95.74720473]
150,30,0.8,0.05,2.0,110,0,47,59877.065359033695,13159.975199585147,1131.2550048870328,15362.077153226348,0.021513391151824282,[101.32764046  65.15538642  53.39966872  46.22912002  28.94132914  26.88373617  70.33045567  95.39539746 108.96146749  98.87229477  72.14339839  69.73317234  49.82654559  27.01978642  95.74720473]
150,30,0.8,0.05,2.0,110,0,48,43741.1674574484,6773.686389483464,1131.2550048870328,7994.087881568941,0.021513391151824282,[101.32764046  65.15538642  53.39966872  46.22912002  28.94132914  26.88373617  70.33045567  95.39539746 108.96146749  98.87229477  72.14339839  69.73317234  49.82654559  27.01978642  95.74720473]
150,30,0.8,0.05,2.0,110,0,49,18734.58838053536,6094.665736646616,1131.2550048870328,4815.231929200027,0.021513391151824282,[101.32764046  65.15538642  53.39966872  46.22912002  28.94132914  26.88373617  70.33045567  95.39539746 108.96146749  98.87229477  72.14339839  69.73317234  49.82654559  27.01978642  95.74720473]
150,30,0.8,0.05,2.0,110,0,50,14799.122567238199,4575.775130144475,1131.2550048870328,3312.5332935495403,0.021513391151824282,[101.32764046  65.15538642  53.39966872  46.22912002  28.94132914  26.88373617  70.33045567  95.39539746 108.96146749  98.87229477  72.14339839  69.73317234  49.82654559  27.01978642  95.74720473]
150,30,0.8,0.05,2.0,110,0,51,3319068.6355345785,118341.63999341102,1131.2550048870328,594674.4504374015,0.021513391151824282,[101.32764046  65.15538642  53.39966872  46.22912002  28.94132914  26.88373617  70.33045567  95.39539746 108.96146749  98.87229477  72.14339839  69.73317234  49.82654559  27.01978642  95.74720473]
150,30,0.8,0.05,2.0,110,0,52,19830.306975223022,4551.624682684018,1015.5985512319982,4212.290737025814,0.037369054068128224,[ 87.13459425  78.7125707   50.05690436  82.14157915  68.02292327  42.12115149  55.49689378 101.94589496  62.38654444  55.97883822  77.43921952  41.0288354   53.40164762  71.74484956  83.85838853]
150,30,0.8,0.05,2.0,110,0,53,2.925072569641944e+21,9.75024189880648e+19,1015.5985512319982,5.250665953450097e+20,0.037369054068128224,[ 87.13459425  78.7125707   50.05690436  82.14157915  68.02292327  42.12115149  55.49689378 101.94589496  62.38654444  55.97883822  77.43921952  41.0288354   53.40164762  71.74484956  83.85838853]
150,30,0.8,0.05,2.0,110,0,54,197450.97738867573,25079.2715948252,1015.5985512319982,54610.60582429106,0.037369054068128224,[ 87.13459425  78.7125707   50.05690436  82.14157915  68.02292327  42.12115149  55.49689378 101.94589496  62.38654444  55.97883822  77.43921952  41.0288354   53.40164762  71.74484956  83.85838853]
150,30,0.8,0.05,2.0,110,0,55,40010789.08549294,1341347.210997193,1015.5985512319982,7180740.755332827,0.037369054068128224,[ 87.13459425  78.7125707   50.05690436  82.14157915  68.02292327  42.12115149  55.49689378 101.94589496  62.38654444  55.97883822  77.43921952  41.0288354   53.40164762  71.74484956  83.85838853]
150,30,0.8,0.05,2.0,110,0,56,34523.938027039956,7686.1333461848635,1014.3733360579744,6204.5625815818785,0.09317237713564643,[ 86.78090325  68.2183196   65.10610793  90.63413699  38.70620297  43.57775087  46.68911469  83.28216932  24.50346744  66.59475832  58.80107782  45.34930082  64.31145631  87.14655359 102.61877468]
150,30,0.8,0.05,2.0,110,0,57,162669.97301393666,13768.182082870866,1014.3733360579744,29662.07615623192,0.09317237713564643,[ 86.78090325  68.2183196   65.10610793  90.63413699  38.70620297  43.57775087  46.68911469  83.28216932  24.50346744  66.59475832  58.80107782  45.34930082  64.31145631  87.14655359 102.61877468]
150,30,0.8,0.05,2.0,110,0,58,1089745.500521423,55343.366301668575,1014.3733360579744,203613.71046036668,0.09317237713564643,[ 86.78090325  68.2183196   65.10610793  90.63413699  38.70620297  43.57775087  46.68911469  83.28216932  24.50346744  66.59475832  58.80107782  45.34930082  64.31145631  87.14655359 102.61877468]
150,30,0.8,0.05,2.0,110,0,59,32124770.15496073,1271620.747777495,1014.3733360579744,5793080.073019755,0.09317237713564643,[ 86.78090325  68.2183196   65.10610793  90.63413699  38.70620297  43.57775087  46.68911469  83.28216932  24.50346744  66.59475832  58.80107782  45.34930082  64.31145631  87.14655359 102.61877468]
150,30,0.8,0.05,2.0,110,0,60,1.0322287952016724e+16,344519327403838.2,1014.3733360579744,1852826653426188.5,0.09317237713564643,[ 86.78090325  68.2183196   65.10610793  90.63413699  38.70620297  43.57775087  46.68911469  83.28216932  24.50346744  66.59475832  58.80107782  45.34930082  64.31145631  87.14655359 102.61877468]
150,30,0.8,0.05,2.0,110,0,61,1283833.4028130013,130362.23209892119,1014.3733360579744,289099.0766942409,0.09317237713564643,[ 86.78090325  68.2183196   65.10610793  90.63413699  38.70620297  43.57775087  46.68911469  83.28216932  24.50346744  66.59475832  58.80107782  45.34930082  64.31145631  87.14655359 102.61877468]
150,30,0.8,0.05,2.0,110,0,62,1435563.7551588526,193803.4385799611,1014.3733360579744,357390.92577944114,0.09317237713564643,[ 86.78090325  68.2183196   65.10610793  90.63413699  38.70620297  43.57775087  46.68911469  83.28216932  24.50346744  66.59475832  58.80107782  45.34930082  64.31145631  87.14655359 102.61877468]
150,30,0.8,0.05,2.0,110,0,63,1953672.2010806692,195524.37460642948,1014.3733360579744,432147.63565467554,0.09317237713564643,[ 86.78090325  68.2183196   65.10610793  90.63413699  38.70620297  43.57775087  46.68911469  83.28216932  24.50346744  66.59475832  58.80107782  45.34930082  64.31145631  87.14655359 102.61877468]
150,30,0.8,0.05,2.0,110,0,64,185865.42377978849,40904.07294749304,1014.3733360579744,47923.481085920925,0.09317237713564643,[ 86.78090325  68.2183196   65.10610793  90.63413699  38.70620297  43.57775087  46.68911469  83.28216932  24.50346744  66.59475832  58.80107782  45.34930082  64.31145631  87.14655359 102.61877468]
150,30,0.8,0.05,2.0,110,0,65,5.415970397570938e+43,1.8053234658569794e+42,1014.3733360579744,9.721964393827095e+42,0.09317237713564643,[ 86.78090325  68.2183196   65.10610793  90.63413699  38.70620297  43.57775087  46.68911469  83.28216932  24.50346744  66.59475832  58.80107782  45.34930082  64.31145631  87.14655359 102.61877468]
150,30,0.8,0.05,2.0,110,0,66,881520.9384138096,104904.3271000613,1014.3733360579744,215968.20920659864,0.09317237713564643,[ 86.78090325  68.2183196   65.10610793  90.63413699  38.70620297  43.57775087  46.68911469  83.28216932  24.50346744  66.59475832  58.80107782  45.34930082  64.31145631  87.14655359 102.61877468]
150,30,0.8,0.05,2.0,110,0,67,832257.8999297854,83076.81007617954,1014.3733360579744,198704.9005772412,0.09317237713564643,[ 86.78090325  68.2183196   65.10610793  90.63413699  38.70620297  43.57775087  46.68911469  83.28216932  24.50346744  66.59475832  58.80107782  45.34930082  64.31145631  87.14655359 102.61877468]
150,30,0.8,0.05,2.0,110,0,68,207709.3049632739,25201.397168853877,1014.3733360579744,45395.63769403119,0.09317237713564643,[ 86.78090325  68.2183196   65.10610793  90.63413699  38.70620297  43.57775087  46.68911469  83.28216932  24.50346744  66.59475832  58.80107782  45.34930082  64.31145631  87.14655359 102.61877468]
150,30,0.8,0.05,2.0,110,0,69,60810.76453202792,12919.727240687631,1014.3733360579744,15411.26650137487,0.09317237713564643,[ 86.78090325  68.2183196   65.10610793  90.63413699  38.70620297  43.57775087  46.68911469  83.28216932  24.50346744  66.59475832  58.80107782  45.34930082  64.31145631  87.14655359 102.61877468]
150,30,0.8,0.05,2.0,110,0,70,314078.0524363814,26198.0684862312,1014.3733360579744,60300.8701572211,0.09317237713564643,[ 86.78090325  68.2183196   65.10610793  90.63413699  38.70620297  43.57775087  46.68911469  83.28216932  24.50346744  66.59475832  58.80107782  45.34930082  64.31145631  87.14655359 102.61877468]
150,30,0.8,0.05,2.0,110,0,71,3267533.75805608,132080.18611562756,1014.3733360579744,584280.1734911152,0.09317237713564643,[ 86.78090325  68.2183196   65.10610793  90.63413699  38.70620297  43.57775087  46.68911469  83.28216932  24.50346744  66.59475832  58.80107782  45.34930082  64.31145631  87.14655359 102.61877468]
150,30,0.8,0.05,2.0,110,0,72,2906219.721519509,200437.66870479705,1014.3733360579744,567641.682596052,0.09317237713564643,[ 86.78090325  68.2183196   65.10610793  90.63413699  38.70620297  43.57775087  46.68911469  83.28216932  24.50346744  66.59475832  58.80107782  45.34930082  64.31145631  87.14655359 102.61877468]
150,30,0.8,0.05,2.0,110,0,73,3082780.7319827247,117456.70091269135,1014.3733360579744,550904.4906324222,0.09317237713564643,[ 86.78090325  68.2183196   65.10610793  90.63413699  38.70620297  43.57775087  46.68911469  83.28216932  24.50346744  66.59475832  58.80107782  45.34930082  64.31145631  87.14655359 102.61877468]
150,30,0.8,0.05,2.0,110,0,74,913120.1984126725,73561.77793424377,1014.3733360579744,165864.15659208046,0.09317237713564643,[ 86.78090325  68.2183196   65.10610793  90.63413699  38.70620297  43.57775087  46.68911469  83.28216932  24.50346744  66.59475832  58.80107782  45.34930082  64.31145631  87.14655359 102.61877468]
150,30,0.8,0.05,2.0,110,0,75,306610.7081955969,40949.64174411674,1014.3733360579744,64148.27812428102,0.09317237713564643,[ 86.78090325  68.2183196   65.10610793  90.63413699  38.70620297  43.57775087  46.68911469  83.28216932  24.50346744  66.59475832  58.80107782  45.34930082  64.31145631  87.14655359 102.61877468]
150,30,0.8,0.05,2.0,110,0,76,212130.5758159533,32633.612620848875,1014.3733360579744,53111.566093685695,0.09317237713564643,[ 86.78090325  68.2183196   65.10610793  90.63413699  38.70620297  43.57775087  46.68911469  83.28216932  24.50346744  66.59475832  58.80107782  45.34930082  64.31145631  87.14655359 102.61877468]
150,30,0.8,0.05,2.0,110,0,77,578725.2938278479,59887.820365756306,1014.3733360579744,110040.53700812302,0.09317237713564643,[ 86.78090325  68.2183196   65.10610793  90.63413699  38.70620297  43.57775087  46.68911469  83.28216932  24.50346744  66.59475832  58.80107782  45.34930082  64.31145631  87.14655359 102.61877468]
150,30,0.8,0.05,2.0,110,0,78,233706.21486170348,50656.73992492265,1014.3733360579744,61775.13602705105,0.09317237713564643,[ 86.78090325  68.2183196   65.10610793  90.63413699  38.70620297  43.57775087  46.68911469  83.28216932  24.50346744  66.59475832  58.80107782  45.34930082  64.31145631  87.14655359 102.61877468]
150,30,0.8,0.05,2.0,110,0,79,352548.37755132094,62726.64348349576,1014.3733360579744,91353.05362010236,0.09317237713564643,[ 86.78090325  68.2183196   65.10610793  90.63413699  38.70620297  43.57775087  46.68911469  83.28216932  24.50346744  66.59475832  58.80107782  45.34930082  64.31145631  87.14655359 102.61877468]
150,30,0.8,0.05,2.0,110,0,80,257058.4053725301,31354.626606005997,1014.3733360579744,50620.50027927945,0.09317237713564643,[ 86.78090325  68.2183196   65.10610793  90.63413699  38.70620297  43.57775087  46.68911469  83.28216932  24.50346744  66.59475832  58.80107782  45.34930082  64.31145631  87.14655359 102.61877468]
150,30,0.8,0.05,2.0,110,0,81,103809.18508560483,26048.994888247806,1014.3733360579744,24383.148868115768,0.09317237713564643,[ 86.78090325  68.2183196   65.10610793  90.63413699  38.70620297  43.57775087  46.68911469  83.28216932  24.50346744  66.59475832  58.80107782  45.34930082  64.31145631  87.14655359 102.61877468]
150,30,0.8,0.05,2.0,110,0,82,107794.66190064934,19471.738213788678,1014.3733360579744,21533.635399196515,0.09317237713564643,[ 86.78090325  68.2183196   65.10610793  90.63413699  38.70620297  43.57775087  46.68911469  83.28216932  24.50346744  66.59475832  58.80107782  45.34930082  64.31145631  87.14655359 102.61877468]
150,30,0.8,0.05,2.0,110,0,83,278769.0390116416,23313.733020704185,1014.3733360579744,50328.98505781451,0.09317237713564643,[ 86.78090325  68.2183196   65.10610793  90.63413699  38.70620297  43.57775087  46.68911469  83.28216932  24.50346744  66.59475832  58.80107782  45.34930082  64.31145631  87.14655359 102.61877468]
150,30,0.8,0.05,2.0,110,0,84,320850.5578402647,51932.43851770635,1014.3733360579744,82367.79561404811,0.09317237713564643,[ 86.78090325  68.2183196   65.10610793  90.63413699  38.70620297  43.57775087  46.68911469  83.28216932  24.50346744  66.59475832  58.80107782  45.34930082  64.31145631  87.14655359 102.61877468]
150,30,0.8,0.05,2.0,110,0,85,274530.65094046766,33494.525875021456,1014.3733360579744,53233.792227347294,0.09317237713564643,[ 86.78090325  68.2183196   65.10610793  90.63413699  38.70620297  43.57775087  46.68911469  83.28216932  24.50346744  66.59475832  58.80107782  45.34930082  64.31145631  87.14655359 102.61877468]
150,30,0.8,0.05,2.0,110,0,86,167095.39690889156,26070.158236763204,1014.3733360579744,42582.69605666314,0.09317237713564643,[ 86.78090325  68.2183196   65.10610793  90.63413699  38.70620297  43.57775087  46.68911469  83.28216932  24.50346744  66.59475832  58.80107782  45.34930082  64.31145631  87.14655359 102.61877468]
150,30,0.8,0.05,2.0,110,0,87,179354.43566648036,33302.98500604897,1014.3733360579744,49757.594523084736,0.09317237713564643,[ 86.78090325  68.2183196   65.10610793  90.63413699  38.70620297  43.57775087  46.68911469  83.28216932  24.50346744  66.59475832  58.80107782  45.34930082  64.31145631  87.14655359 102.61877468]
150,30,0.8,0.05,2.0,110,0,88,165892.66484642646,23838.069422343393,1014.3733360579744,35225.36594157936,0.09317237713564643,[ 86.78090325  68.2183196   65.10610793  90.63413699  38.70620297  43.57775087  46.68911469  83.28216932  24.50346744  66.59475832  58.80107782  45.34930082  64.31145631  87.14655359 102.61877468]
150,30,0.8,0.05,2.0,110,0,89,118798.6326833373,16110.16001201301,1014.3733360579744,24330.85786345323,0.09317237713564643,[ 86.78090325  68.2183196   65.10610793  90.63413699  38.70620297  43.57775087  46.68911469  83.28216932  24.50346744  66.59475832  58.80107782  45.34930082  64.31145631  87.14655359 102.61877468]
150,30,0.8,0.05,2.0,110,0,90,74182609.77587064,2504522.459380704,1014.3733360579744,13310511.229033705,0.09317237713564643,[ 86.78090325  68.2183196   65.10610793  90.63413699  38.70620297  43.57775087  46.68911469  83.28216932  24.50346744  66.59475832  58.80107782  45.34930082  64.31145631  87.14655359 102.61877468]
150,30,0.8,0.05,2.0,110,0,91,477901.42294469866,35265.1768360652,910.3597499622841,86160.77797882365,0.011317821200331682,[87.57379008 78.63580234 31.31814877 74.75201061 94.37628387 72.15745932 81.07472379 49.71666378 44.92892446 83.21149121 72.36029193 77.16221561 58.34597507 41.17459797 90.87731163]
150,30,0.8,0.05,2.0,110,0,92,8.955749089554188e+39,2.9852496965180625e+38,910.3597499622841,1.6076061606198034e+39,0.011317821200331682,[87.57379008 78.63580234 31.31814877 74.75201061 94.37628387 72.15745932 81.07472379 49.71666378 44.92892446 83.21149121 72.36029193 77.16221561 58.34597507 41.17459797 90.87731163]
150,30,0.8,0.05,2.0,110,0,93,361597.08339916717,33657.27233048549,910.3597499622841,66456.6016473489,0.011317821200331682,[87.57379008 78.63580234 31.31814877 74.75201061 94.37628387 72.15745932 81.07472379 49.71666378 44.92892446 83.21149121 72.36029193 77.16221561 58.34597507 41.17459797 90.87731163]
150,30,0.8,0.05,2.0,110,0,94,215571.85847485453,28053.878198940176,910.3597499622841,40726.61661693903,0.011317821200331682,[87.57379008 78.63580234 31.31814877 74.75201061 94.37628387 72.15745932 81.07472379 49.71666378 44.92892446 83.21149121 72.36029193 77.16221561 58.34597507 41.17459797 90.87731163]
150,30,0.8,0.05,2.0,110,0,95,182263.66486886636,27512.23535518438,910.3597499622841,35958.726090803284,0.011317821200331682,[87.57379008 78.63580234 31.31814877 74.75201061 94.37628387 72.15745932 81.07472379 49.71666378 44.92892446 83.21149121 72.36029193 77.16221561 58.34597507 41.17459797 90.87731163]
150,30,0.8,0.05,2.0,110,0,96,95940.20704602798,28006.332736490782,910.3597499622841,25807.04292356643,0.011317821200331682,[87.57379008 78.63580234 31.31814877 74.75201061 94.37628387 72.15745932 81.07472379 49.71666378 44.92892446 83.21149121 72.36029193 77.16221561 58.34597507 41.17459797 90.87731163]
150,30,0.8,0.05,2.0,110,0,97,84942.89715549433,17319.9429990783,910.3597499622841,21795.315816075803,0.011317821200331682,[87.57379008 78.63580234 31.31814877 74.75201061 94.37628387 72.15745932 81.07472379 49.71666378 44.92892446 83.21149121 72.36029193 77.16221561 58.34597507 41.17459797 90.87731163]
150,30,0.8,0.05,2.0,110,0,98,99820.92501325735,19382.767848335847,910.3597499622841,23398.190287434692,0.011317821200331682,[87.57379008 78.63580234 31.31814877 74.75201061 94.37628387 72.15745932 81.07472379 49.71666378 44.92892446 83.21149121 72.36029193 77.16221561 58.34597507 41.17459797 90.87731163]
150,30,0.8,0.05,2.0,110,0,99,6.24637564885225e+38,2.0821252162840833e+37,910.3597499622841,1.1212587438780364e+38,0.011317821200331682,[87.57379008 78.63580234 31.31814877 74.75201061 94.37628387 72.15745932 81.07472379 49.71666378 44.92892446 83.21149121 72.36029193 77.16221561 58.34597507 41.17459797 90.87731163]
150,30,0.8,0.05,2.0,110,0,100,7.554127992673977e+38,2.518042664224659e+37,910.3597499622841,1.356007473824584e+38,0.011317821200331682,[87.57379008 78.63580234 31.31814877 74.75201061 94.37628387 72.15745932 81.07472379 49.71666378 44.92892446 83.21149121 72.36029193 77.16221561 58.34597507 41.17459797 90.87731163]
150,30,0.8,0.05,2.0,110,0,101,6901940.343857139,467809.59304899105,910.3597499622841,1326490.350003387,0.011317821200331682,[87.57379008 78.63580234 31.31814877 74.75201061 94.37628387 72.15745932 81.07472379 49.71666378 44.92892446 83.21149121 72.36029193 77.16221561 58.34597507 41.17459797 90.87731163]
150,30,0.8,0.05,2.0,110,0,102,1705904.9744151342,312065.6213415808,910.3597499622841,503349.64617587667,0.011317821200331682,[87.57379008 78.63580234 31.31814877 74.75201061 94.37628387 72.15745932 81.07472379 49.71666378 44.92892446 83.21149121 72.36029193 77.16221561 58.34597507 41.17459797 90.87731163]
150,30,0.8,0.05,2.0,110,0,103,5.1656248233193746e+45,1.7218749411064582e+44,910.3597499622841,9.272580335133296e+44,0.011317821200331682,[87.57379008 78.63580234 31.31814877 74.75201061 94.37628387 72.15745932 81.07472379 49.71666378 44.92892446 83.21149121 72.36029193 77.16221561 58.34597507 41.17459797 90.87731163]
150,30,0.8,0.05,2.0,110,0,104,25034757.10923626,1345716.401494923,910.3597499622841,5103816.768959464,0.011317821200331682,[87.57379008 78.63580234 31.31814877 74.75201061 94.37628387 72.15745932 81.07472379 49.71666378 44.92892446 83.21149121 72.36029193 77.16221561 58.34597507 41.17459797 90.87731163]
150,30,0.8,0.05,2.0,110,0,105,9125623.566034535,561767.1552232511,910.3597499622841,2030016.8384213662,0.011317821200331682,[87.57379008 78.63580234 31.31814877 74.75201061 94.37628387 72.15745932 81.07472379 49.71666378 44.92892446 83.21149121 72.36029193 77.16221561 58.34597507 41.17459797 90.87731163]
150,30,0.8,0.05,2.0,110,0,106,990016.2884367021,64446.869725279445,910.3597499622841,174803.84726449632,0.011317821200331682,[87.57379008 78.63580234 31.31814877 74.75201061 94.37628387 72.15745932 81.07472379 49.71666378 44.92892446 83.21149121 72.36029193 77.16221561 58.34597507 41.17459797 90.87731163]
150,30,0.8,0.05,2.0,110,0,107,121218.1211526802,31541.722478275573,910.3597499622841,31516.351873246418,0.011317821200331682,[87.57379008 78.63580234 31.31814877 74.75201061 94.37628387 72.15745932 81.07472379 49.71666378 44.92892446 83.21149121 72.36029193 77.16221561 58.34597507 41.17459797 90.87731163]
150,30,0.8,0.05,2.0,110,0,108,469320.1392891258,56329.5851684976,910.3597499622841,94683.54418685648,0.011317821200331682,[87.57379008 78.63580234 31.31814877 74.75201061 94.37628387 72.15745932 81.07472379 49.71666378 44.92892446 83.21149121 72.36029193 77.16221561 58.34597507 41.17459797 90.87731163]
150,30,0.8,0.05,2.0,110,0,109,161452.00262320487,27381.8696976104,910.3597499622841,33828.48068556854,0.011317821200331682,[87.57379008 78.63580234 31.31814877 74.75201061 94.37628387 72.15745932 81.07472379 49.71666378 44.92892446 83.21149121 72.36029193 77.16221561 58.34597507 41.17459797 90.87731163]
150,30,0.8,0.05,2.0,110,0,110,205001.26275471726,27588.657608217374,910.3597499622841,40181.02642633201,0.011317821200331682,[87.57379008 78.63580234 31.31814877 74.75201061 94.37628387 72.15745932 81.07472379 49.71666378 44.92892446 83.21149121 72.36029193 77.16221561 58.34597507 41.17459797 90.87731163]
150,30,0.8,0.05,2.0,110,0,111,59997.178177800364,16886.577772041626,910.3597499622841,14950.684255310936,0.011317821200331682,[87.57379008 78.63580234 31.31814877 74.75201061 94.37628387 72.15745932 81.07472379 49.71666378 44.92892446 83.21149121 72.36029193 77.16221561 58.34597507 41.17459797 90.87731163]
150,30,0.8,0.05,2.0,110,0,112,358223.6680660343,19694.470606919138,910.3597499622841,63167.222352795114,0.011317821200331682,[87.57379008 78.63580234 31.31814877 74.75201061 94.37628387 72.15745932 81.07472379 49.71666378 44.92892446 83.21149121 72.36029193 77.16221561 58.34597507 41.17459797 90.87731163]
150,30,0.8,0.05,2.0,110,0,113,134591.28757513783,12028.437708774614,910.3597499622841,23336.400482718327,0.011317821200331682,[87.57379008 78.63580234 31.31814877 74.75201061 94.37628387 72.15745932 81.07472379 49.71666378 44.92892446 83.21149121 72.36029193 77.16221561 58.34597507 41.17459797 90.87731163]
150,30,0.8,0.05,2.0,110,0,114,12087068.573154313,427964.507036836,910.3597499622841,2165920.1077228533,0.011317821200331682,[87.57379008 78.63580234 31.31814877 74.75201061 94.37628387 72.15745932 81.07472379 49.71666378 44.92892446 83.21149121 72.36029193 77.16221561 58.34597507 41.17459797 90.87731163]
150,30,0.8,0.05,2.0,110,0,115,185201.88117494172,23690.79692100274,910.3597499622841,38488.35058583979,0.011317821200331682,[87.57379008 78.63580234 31.31814877 74.75201061 94.37628387 72.15745932 81.07472379 49.71666378 44.92892446 83.21149121 72.36029193 77.16221561 58.34597507 41.17459797 90.87731163]
150,30,0.8,0.05,2.0,110,0,116,57443.81928975966,11379.55724745021,910.3597499622841,14552.316924359819,0.011317821200331682,[87.57379008 78.63580234 31.31814877 74.75201061 94.37628387 72.15745932 81.07472379 49.71666378 44.92892446 83.21149121 72.36029193 77.16221561 58.34597507 41.17459797 90.87731163]
150,30,0.8,0.05,2.0,110,0,117,1.0011322392359502e+30,3.337107464119834e+28,910.3597499622841,1.7970873673404e+29,0.011317821200331682,[87.57379008 78.63580234 31.31814877 74.75201061 94.37628387 72.15745932 81.07472379 49.71666378 44.92892446 83.21149121 72.36029193 77.16221561 58.34597507 41.17459797 90.87731163]
150,30,0.8,0.05,2.0,110,0,118,292447063.76513773,9911603.804419262,910.3597499622841,52471875.25178796,0.011317821200331682,[87.57379008 78.63580234 31.31814877 74.75201061 94.37628387 72.15745932 81.07472379 49.71666378 44.92892446 83.21149121 72.36029193 77.16221561 58.34597507 41.17459797 90.87731163]
150,30,0.8,0.05,2.0,110,0,119,54019.29787830157,10424.630797614012,910.3597499622841,11239.919679868262,0.011317821200331682,[87.57379008 78.63580234 31.31814877 74.75201061 94.37628387 72.15745932 81.07472379 49.71666378 44.92892446 83.21149121 72.36029193 77.16221561 58.34597507 41.17459797 90.87731163]
150,30,0.8,0.05,2.0,110,0,120,47661.86559919521,6156.005167449791,910.3597499622841,8500.059985893833,0.011317821200331682,[87.57379008 78.63580234 31.31814877 74.75201061 94.37628387 72.15745932 81.07472379 49.71666378 44.92892446 83.21149121 72.36029193 77.16221561 58.34597507 41.17459797 90.87731163]
150,30,0.8,0.05,2.0,110,0,121,28094.470386693803,5790.419768317728,910.3597499622841,5563.555716658083,0.011317821200331682,[87.57379008 78.63580234 31.31814877 74.75201061 94.37628387 72.15745932 81.07472379 49.71666378 44.92892446 83.21149121 72.36029193 77.16221561 58.34597507 41.17459797 90.87731163]
150,30,0.8,0.05,2.0,110,0,122,69069.80817846397,8520.588687979276,910.3597499622841,15318.377183442763,0.011317821200331682,[87.57379008 78.63580234 31.31814877 74.75201061 94.37628387 72.15745932 81.07472379 49.71666378 44.92892446 83.21149121 72.36029193 77.16221561 58.34597507 41.17459797 90.87731163]
150,30,0.8,0.05,2.0,110,0,123,61543.86738256392,8061.486049388611,910.3597499622841,12533.906831624574,0.011317821200331682,[87.57379008 78.63580234 31.31814877 74.75201061 94.37628387 72.15745932 81.07472379 49.71666378 44.92892446 83.21149121 72.36029193 77.16221561 58.34597507 41.17459797 90.87731163]
150,30,0.8,0.05,2.0,110,0,124,55786.81636715225,10335.705980334918,910.3597499622841,12404.477716202624,0.011317821200331682,[87.57379008 78.63580234 31.31814877 74.75201061 94.37628387 72.15745932 81.07472379 49.71666378 44.92892446 83.21149121 72.36029193 77.16221561 58.34597507 41.17459797 90.87731163]
150,30,0.8,0.05,2.0,110,0,125,25407298612.343246,846925144.7215676,910.3597499622841,4560746856.904653,0.011317821200331682,[87.57379008 78.63580234 31.31814877 74.75201061 94.37628387 72.15745932 81.07472379 49.71666378 44.92892446 83.21149121 72.36029193 77.16221561 58.34597507 41.17459797 90.87731163]
150,30,0.8,0.05,2.0,110,0,126,34999297061102.54,1166643262381.3638,910.3597499622841,6282566088580.646,0.011317821200331682,[87.57379008 78.63580234 31.31814877 74.75201061 94.37628387 72.15745932 81.07472379 49.71666378 44.92892446 83.21149121 72.36029193 77.16221561 58.34597507 41.17459797 90.87731163]
150,30,0.8,0.05,2.0,110,0,127,266618.43585811474,26855.06700287513,910.3597499622841,61700.78403162093,0.011317821200331682,[87.57379008 78.63580234 31.31814877 74.75201061 94.37628387 72.15745932 81.07472379 49.71666378 44.92892446 83.21149121 72.36029193 77.16221561 58.34597507 41.17459797 90.87731163]
150,30,0.8,0.05,2.0,110,0,128,192102.6319032478,13204.801864400511,910.3597499622841,37402.72608951045,0.011317821200331682,[87.57379008 78.63580234 31.31814877 74.75201061 94.37628387 72.15745932 81.07472379 49.71666378 44.92892446 83.21149121 72.36029193 77.16221561 58.34597507 41.17459797 90.87731163]
150,30,0.8,0.05,2.0,110,0,129,38358.384937893024,5030.323024574055,910.3597499622841,7320.804039736644,0.011317821200331682,[87.57379008 78.63580234 31.31814877 74.75201061 94.37628387 72.15745932 81.07472379 49.71666378 44.92892446 83.21149121 72.36029193 77.16221561 58.34597507 41.17459797 90.87731163]
150,30,0.8,0.05,2.0,110,0,130,40806.62190581302,5478.068217414656,910.3597499622841,7573.673782684767,0.011317821200331682,[87.57379008 78.63580234 31.31814877 74.75201061 94.37628387 72.15745932 81.07472379 49.71666378 44.92892446 83.21149121 72.36029193 77.16221561 58.34597507 41.17459797 90.87731163]
150,30,0.8,0.05,2.0,110,0,131,882418.2130203239,41304.68575303738,910.3597499622841,159338.24366241688,0.011317821200331682,[87.57379008 78.63580234 31.31814877 74.75201061 94.37628387 72.15745932 81.07472379 49.71666378 44.92892446 83.21149121 72.36029193 77.16221561 58.34597507 41.17459797 90.87731163]
150,30,0.8,0.05,2.0,110,0,132,128847.37025949617,11806.59862855991,910.3597499622841,24026.102505868977,0.011317821200331682,[87.57379008 78.63580234 31.31814877 74.75201061 94.37628387 72.15745932 81.07472379 49.71666378 44.92892446 83.21149121 72.36029193 77.16221561 58.34597507 41.17459797 90.87731163]
150,30,0.8,0.05,2.0,110,0,133,18977.677458797447,4246.591520243439,910.3597499622841,3965.689337369947,0.011317821200331682,[87.57379008 78.63580234 31.31814877 74.75201061 94.37628387 72.15745932 81.07472379 49.71666378 44.92892446 83.21149121 72.36029193 77.16221561 58.34597507 41.17459797 90.87731163]
150,30,0.8,0.05,2.0,110,0,134,5.335810667290128e+55,1.778603555763376e+54,910.3597499622841,9.578073274341221e+54,0.011317821200331682,[87.57379008 78.63580234 31.31814877 74.75201061 94.37628387 72.15745932 81.07472379 49.71666378 44.92892446 83.21149121 72.36029193 77.16221561 58.34597507 41.17459797 90.87731163]
150,30,0.8,0.05,2.0,110,0,135,197399.5536503194,16066.930521058586,910.3597499622841,37628.0206915919,0.011317821200331682,[87.57379008 78.63580234 31.31814877 74.75201061 94.37628387 72.15745932 81.07472379 49.71666378 44.92892446 83.21149121 72.36029193 77.16221561 58.34597507 41.17459797 90.87731163]
150,30,0.8,0.05,2.0,110,0,136,252402.0874231867,15992.038906700875,910.3597499622841,44971.0560487188,0.011317821200331682,[87.57379008 78.63580234 31.31814877 74.75201061 94.37628387 72.15745932 81.07472379 49.71666378 44.92892446 83.21149121 72.36029193 77.16221561 58.34597507 41.17459797 90.87731163]
150,30,0.8,0.05,2.0,110,0,137,114558.27023082592,12326.493438317922,910.3597499622841,22136.01306963741,0.011317821200331682,[87.57379008 78.63580234 31.31814877 74.75201061 94.37628387 72.15745932 81.07472379 49.71666378 44.92892446 83.21149121 72.36029193 77.16221561 58.34597507 41.17459797 90.87731163]
150,30,0.8,0.05,2.0,110,0,138,191242.99946885082,11217.763209500466,910.3597499622841,33733.035559521435,0.011317821200331682,[87.57379008 78.63580234 31.31814877 74.75201061 94.37628387 72.15745932 81.07472379 49.71666378 44.92892446 83.21149121 72.36029193 77.16221561 58.34597507 41.17459797 90.87731163]
150,30,0.8,0.05,2.0,110,0,139,23868.499588001323,5129.304055939751,910.3597499622841,5308.1209512699625,0.011317821200331682,[87.57379008 78.63580234 31.31814877 74.75201061 94.37628387 72.15745932 81.07472379 49.71666378 44.92892446 83.21149121 72.36029193 77.16221561 58.34597507 41.17459797 90.87731163]
150,30,0.8,0.05,2.0,110,0,140,19937.53244087031,5185.8975896970815,910.3597499622841,4027.496295333966,0.011317821200331682,[87.57379008 78.63580234 31.31814877 74.75201061 94.37628387 72.15745932 81.07472379 49.71666378 44.92892446 83.21149121 72.36029193 77.16221561 58.34597507 41.17459797 90.87731163]
150,30,0.8,0.05,2.0,110,0,141,68740.28437189413,14518.626189060818,910.3597499622841,17858.27745077456,0.011317821200331682,[87.57379008 78.63580234 31.31814877 74.75201061 94.37628387 72.15745932 81.07472379 49.71666378 44.92892446 83.21149121 72.36029193 77.16221561 58.34597507 41.17459797 90.87731163]
150,30,0.8,0.05,2.0,110,0,142,78223.14941404859,8791.804857445019,910.3597499622841,15366.503547176191,0.011317821200331682,[87.57379008 78.63580234 31.31814877 74.75201061 94.37628387 72.15745932 81.07472379 49.71666378 44.92892446 83.21149121 72.36029193 77.16221561 58.34597507 41.17459797 90.87731163]
150,30,0.8,0.05,2.0,110,0,143,608038.2543174716,27394.323075578726,910.3597499622841,108097.34184510398,0.011317821200331682,[87.57379008 78.63580234 31.31814877 74.75201061 94.37628387 72.15745932 81.07472379 49.71666378 44.92892446 83.21149121 72.36029193 77.16221561 58.34597507 41.17459797 90.87731163]
150,30,0.8,0.05,2.0,110,0,144,685551.6871976698,39477.61695644273,910.3597499622841,125019.46045103796,0.011317821200331682,[87.57379008 78.63580234 31.31814877 74.75201061 94.37628387 72.15745932 81.07472379 49.71666378 44.92892446 83.21149121 72.36029193 77.16221561 58.34597507 41.17459797 90.87731163]
150,30,0.8,0.05,2.0,110,0,145,131698.90072793135,20697.834983221986,910.3597499622841,33936.63543171348,0.011317821200331682,[87.57379008 78.63580234 31.31814877 74.75201061 94.37628387 72.15745932 81.07472379 49.71666378 44.92892446 83.21149121 72.36029193 77.16221561 58.34597507 41.17459797 90.87731163]
150,30,0.8,0.05,2.0,110,0,146,224855.69127975364,23006.2520061051,910.3597499622841,44365.793191187164,0.011317821200331682,[87.57379008 78.63580234 31.31814877 74.75201061 94.37628387 72.15745932 81.07472379 49.71666378 44.92892446 83.21149121 72.36029193 77.16221561 58.34597507 41.17459797 90.87731163]
150,30,0.8,0.05,2.0,110,0,147,53206.725528267256,10948.904310138236,910.3597499622841,11810.5327428562,0.011317821200331682,[87.57379008 78.63580234 31.31814877 74.75201061 94.37628387 72.15745932 81.07472379 49.71666378 44.92892446 83.21149121 72.36029193 77.16221561 58.34597507 41.17459797 90.87731163]
150,30,0.8,0.05,2.0,110,0,148,3.09084652898916e+33,1.0302821763297317e+32,910.3597499622841,5.5482393173887515e+32,0.011317821200331682,[87.57379008 78.63580234 31.31814877 74.75201061 94.37628387 72.15745932 81.07472379 49.71666378 44.92892446 83.21149121 72.36029193 77.16221561 58.34597507 41.17459797 90.87731163]
150,30,0.8,0.05,2.0,110,0,149,1.4125125904283774e+41,4.7083754228745476e+39,910.3597499622841,2.53553769494789e+40,0.011317821200331682,[87.57379008 78.63580234 31.31814877 74.75201061 94.37628387 72.15745932 81.07472379 49.71666378 44.92892446 83.21149121 72.36029193 77.16221561 58.34597507 41.17459797 90.87731163]
