nger,npop,cp,mp,xmaxc,xmax_edge,exec,g,worstFit,fit_avg,bestFit,desvPad,c,weights
150,20,0.8,0.01,2.0,110,2,0,1.3084717709031374e+59,6.545341439949081e+57,24039.841381916292,2.8516799789892683e+58,0.40256453640385237,[102.92276578  42.92068602  33.8520712   50.62995202  30.70959542  14.6614871   49.03258839  44.94605081  18.86555633 105.9936117  53.90244509 106.51654935  95.82482248  77.57540703  86.47266787]
150,20,0.8,0.01,2.0,110,2,1,1.6650453601580122e+56,8.326086056348584e+54,4602.491129942859,3.6288625372705186e+55,0.0983556199649186,[ 65.47302014  69.48900933  34.93786441  36.06223418  29.56814472  79.88992423  60.33216764  41.31331924   8.40950089  67.25510348  97.62669162 103.4249792   93.6627169  106.81798098  83.24959886]
150,20,0.8,0.01,2.0,110,2,2,74433261.5964753,4529746.5566548165,4602.491129942859,16129455.28074864,0.0983556199649186,[ 65.47302014  69.48900933  34.93786441  36.06223418  29.56814472  79.88992423  60.33216764  41.31331924   8.40950089  67.25510348  97.62669162 103.4249792   93.6627169  106.81798098  83.24959886]
150,20,0.8,0.01,2.0,110,2,3,883616.1819328957,234163.49261009027,4602.491129942859,262183.67242596444,0.0983556199649186,[ 65.47302014  69.48900933  34.93786441  36.06223418  29.56814472  79.88992423  60.33216764  41.31331924   8.40950089  67.25510348  97.62669162 103.4249792   93.6627169  106.81798098  83.24959886]
150,20,0.8,0.01,2.0,110,2,4,496993.1014408253,139830.14245068864,4602.491129942859,136636.14239404968,0.0983556199649186,[ 65.47302014  69.48900933  34.93786441  36.06223418  29.56814472  79.88992423  60.33216764  41.31331924   8.40950089  67.25510348  97.62669162 103.4249792   93.6627169  106.81798098  83.24959886]
150,20,0.8,0.01,2.0,110,2,5,435963.9880122336,104033.72013928054,4602.491129942859,110224.91201779454,0.0983556199649186,[ 65.47302014  69.48900933  34.93786441  36.06223418  29.56814472  79.88992423  60.33216764  41.31331924   8.40950089  67.25510348  97.62669162 103.4249792   93.6627169  106.81798098  83.24959886]
150,20,0.8,0.01,2.0,110,2,6,241704.15921064056,79464.21685070478,4602.491129942859,63757.11033265499,0.0983556199649186,[ 65.47302014  69.48900933  34.93786441  36.06223418  29.56814472  79.88992423  60.33216764  41.31331924   8.40950089  67.25510348  97.62669162 103.4249792   93.6627169  106.81798098  83.24959886]
150,20,0.8,0.01,2.0,110,2,7,151776.08787989488,33080.98645828027,1372.3108477579387,37457.928284829766,0.012317427530494925,[94.20195607 53.27497706 36.55644405 60.20543221 75.08707854 51.8292382 41.0830226  38.71459073 33.85763466 83.28902493 86.17785188 33.59060808 69.28469813 38.94154398 87.87003395]
150,20,0.8,0.01,2.0,110,2,8,41872.06135322084,18615.380438939937,1047.68593210959,13737.326386740848,0.020675141818010175,[83.86788834 54.38819193 36.91234951 60.02276267 77.84313229 51.38898044 41.08149393 56.7546996  31.22218481 79.22090797 76.2467803  25.34062525 81.33218844 49.71368931 96.66068198]
150,20,0.8,0.01,2.0,110,2,9,36966.11394382392,8219.215548634062,1047.68593210959,9213.278062040208,0.020675141818010175,[83.86788834 54.38819193 36.91234951 60.02276267 77.84313229 51.38898044 41.08149393 56.7546996  31.22218481 79.22090797 76.2467803  25.34062525 81.33218844 49.71368931 96.66068198]
150,20,0.8,0.01,2.0,110,2,10,46642.99280567412,10223.260281125538,1047.68593210959,10506.432787951599,0.020675141818010175,[83.86788834 54.38819193 36.91234951 60.02276267 77.84313229 51.38898044 41.08149393 56.7546996  31.22218481 79.22090797 76.2467803  25.34062525 81.33218844 49.71368931 96.66068198]
150,20,0.8,0.01,2.0,110,2,11,31955.890080905054,7409.260683559056,1047.68593210959,7038.584454800238,0.020675141818010175,[83.86788834 54.38819193 36.91234951 60.02276267 77.84313229 51.38898044 41.08149393 56.7546996  31.22218481 79.22090797 76.2467803  25.34062525 81.33218844 49.71368931 96.66068198]
150,20,0.8,0.01,2.0,110,2,12,17931.76116606789,5413.489833227895,1047.68593210959,4316.3979043067475,0.020675141818010175,[83.86788834 54.38819193 36.91234951 60.02276267 77.84313229 51.38898044 41.08149393 56.7546996  31.22218481 79.22090797 76.2467803  25.34062525 81.33218844 49.71368931 96.66068198]
150,20,0.8,0.01,2.0,110,2,13,13135.977705787236,4683.388964934627,1047.68593210959,3038.8826740238765,0.020675141818010175,[83.86788834 54.38819193 36.91234951 60.02276267 77.84313229 51.38898044 41.08149393 56.7546996  31.22218481 79.22090797 76.2467803  25.34062525 81.33218844 49.71368931 96.66068198]
150,20,0.8,0.01,2.0,110,2,14,11116.101824120926,3882.7694230820803,1047.68593210959,2521.5903317117754,0.020675141818010175,[83.86788834 54.38819193 36.91234951 60.02276267 77.84313229 51.38898044 41.08149393 56.7546996  31.22218481 79.22090797 76.2467803  25.34062525 81.33218844 49.71368931 96.66068198]
150,20,0.8,0.01,2.0,110,2,15,10724.915654347258,3551.156494033433,917.9062101432949,3231.4007505876034,0.03756414741225592,[102.42160472  66.84750271  67.25674061  68.30013067  47.65564118  49.14251691  70.62741055  79.10454394 107.3936658   90.81917905  30.97018263  61.60007048  75.72397665  86.38138378  78.11142673]
150,20,0.8,0.01,2.0,110,2,16,3801.324507350907,1656.49301667789,917.9062101432949,691.1347561583681,0.03756414741225592,[102.42160472  66.84750271  67.25674061  68.30013067  47.65564118  49.14251691  70.62741055  79.10454394 107.3936658   90.81917905  30.97018263  61.60007048  75.72397665  86.38138378  78.11142673]
150,20,0.8,0.01,2.0,110,2,17,3010.055977275953,1576.312026140105,917.9062101432949,463.8564934892023,0.03756414741225592,[102.42160472  66.84750271  67.25674061  68.30013067  47.65564118  49.14251691  70.62741055  79.10454394 107.3936658   90.81917905  30.97018263  61.60007048  75.72397665  86.38138378  78.11142673]
150,20,0.8,0.01,2.0,110,2,18,12410.099927969946,2139.641854602958,801.80063062515,2399.41944107402,0.050287040126809464,[93.52055306 62.49989717 71.98533708 76.31998527 53.68970176 49.9782987 99.18632441 80.78262933 94.65706894 70.169253   57.86932926 49.85427001 69.77242007 98.88577559 96.3977692 ]
150,20,0.8,0.01,2.0,110,2,19,2670.853838783581,1668.063588440539,801.80063062515,443.93000512143476,0.050287040126809464,[93.52055306 62.49989717 71.98533708 76.31998527 53.68970176 49.9782987 99.18632441 80.78262933 94.65706894 70.169253   57.86932926 49.85427001 69.77242007 98.88577559 96.3977692 ]
150,20,0.8,0.01,2.0,110,2,20,14908.957461611815,3172.4766002479596,801.80063062515,3763.3874208382313,0.050287040126809464,[93.52055306 62.49989717 71.98533708 76.31998527 53.68970176 49.9782987 99.18632441 80.78262933 94.65706894 70.169253   57.86932926 49.85427001 69.77242007 98.88577559 96.3977692 ]
150,20,0.8,0.01,2.0,110,2,21,7810.033916669412,2136.109588629587,801.80063062515,1406.2353212712644,0.050287040126809464,[93.52055306 62.49989717 71.98533708 76.31998527 53.68970176 49.9782987 99.18632441 80.78262933 94.65706894 70.169253   57.86932926 49.85427001 69.77242007 98.88577559 96.3977692 ]
150,20,0.8,0.01,2.0,110,2,22,2996.1453274037226,1629.5708422619043,801.80063062515,499.40493783675237,0.050287040126809464,[93.52055306 62.49989717 71.98533708 76.31998527 53.68970176 49.9782987 99.18632441 80.78262933 94.65706894 70.169253   57.86932926 49.85427001 69.77242007 98.88577559 96.3977692 ]
150,20,0.8,0.01,2.0,110,2,23,1675.6216667740202,1345.405558242,801.80063062515,239.54661069618655,0.050287040126809464,[93.52055306 62.49989717 71.98533708 76.31998527 53.68970176 49.9782987 99.18632441 80.78262933 94.65706894 70.169253   57.86932926 49.85427001 69.77242007 98.88577559 96.3977692 ]
150,20,0.8,0.01,2.0,110,2,24,2452.218545492175,1380.9277790806343,801.80063062515,372.92645490346547,0.050287040126809464,[93.52055306 62.49989717 71.98533708 76.31998527 53.68970176 49.9782987 99.18632441 80.78262933 94.65706894 70.169253   57.86932926 49.85427001 69.77242007 98.88577559 96.3977692 ]
150,20,0.8,0.01,2.0,110,2,25,1682.3086772502327,1368.9111358994828,801.80063062515,228.60105120478028,0.050287040126809464,[93.52055306 62.49989717 71.98533708 76.31998527 53.68970176 49.9782987 99.18632441 80.78262933 94.65706894 70.169253   57.86932926 49.85427001 69.77242007 98.88577559 96.3977692 ]
150,20,0.8,0.01,2.0,110,2,26,1703.323026099312,1320.6781273699107,801.80063062515,252.8908727880361,0.050287040126809464,[93.52055306 62.49989717 71.98533708 76.31998527 53.68970176 49.9782987 99.18632441 80.78262933 94.65706894 70.169253   57.86932926 49.85427001 69.77242007 98.88577559 96.3977692 ]
150,20,0.8,0.01,2.0,110,2,27,2173.3878498529534,1362.45293396361,801.80063062515,369.5237093869645,0.050287040126809464,[93.52055306 62.49989717 71.98533708 76.31998527 53.68970176 49.9782987 99.18632441 80.78262933 94.65706894 70.169253   57.86932926 49.85427001 69.77242007 98.88577559 96.3977692 ]
150,20,0.8,0.01,2.0,110,2,28,1715.6835424021142,1260.0761506988051,801.80063062515,241.4521503878393,0.050287040126809464,[93.52055306 62.49989717 71.98533708 76.31998527 53.68970176 49.9782987 99.18632441 80.78262933 94.65706894 70.169253   57.86932926 49.85427001 69.77242007 98.88577559 96.3977692 ]
150,20,0.8,0.01,2.0,110,2,29,1765.53104065861,1350.2906619137907,801.80063062515,281.03004103065444,0.050287040126809464,[93.52055306 62.49989717 71.98533708 76.31998527 53.68970176 49.9782987 99.18632441 80.78262933 94.65706894 70.169253   57.86932926 49.85427001 69.77242007 98.88577559 96.3977692 ]
150,20,0.8,0.01,2.0,110,2,30,2857.803239914382,1417.1173427348615,801.80063062515,409.88840927616815,0.050287040126809464,[93.52055306 62.49989717 71.98533708 76.31998527 53.68970176 49.9782987 99.18632441 80.78262933 94.65706894 70.169253   57.86932926 49.85427001 69.77242007 98.88577559 96.3977692 ]
150,20,0.8,0.01,2.0,110,2,31,6317.386461998982,1546.129389758835,801.80063062515,1110.3842050259516,0.050287040126809464,[93.52055306 62.49989717 71.98533708 76.31998527 53.68970176 49.9782987 99.18632441 80.78262933 94.65706894 70.169253   57.86932926 49.85427001 69.77242007 98.88577559 96.3977692 ]
150,20,0.8,0.01,2.0,110,2,32,2594.2080164714907,1383.6347758591335,801.80063062515,428.9380704568328,0.050287040126809464,[93.52055306 62.49989717 71.98533708 76.31998527 53.68970176 49.9782987 99.18632441 80.78262933 94.65706894 70.169253   57.86932926 49.85427001 69.77242007 98.88577559 96.3977692 ]
150,20,0.8,0.01,2.0,110,2,33,3168.5217577781723,1493.4463423280745,801.80063062515,509.5110791609331,0.050287040126809464,[93.52055306 62.49989717 71.98533708 76.31998527 53.68970176 49.9782987 99.18632441 80.78262933 94.65706894 70.169253   57.86932926 49.85427001 69.77242007 98.88577559 96.3977692 ]
150,20,0.8,0.01,2.0,110,2,34,1879.343177341048,1417.6220023341034,801.80063062515,264.69405483162194,0.050287040126809464,[93.52055306 62.49989717 71.98533708 76.31998527 53.68970176 49.9782987 99.18632441 80.78262933 94.65706894 70.169253   57.86932926 49.85427001 69.77242007 98.88577559 96.3977692 ]
150,20,0.8,0.01,2.0,110,2,35,2916.47400460533,1454.4502263937634,801.80063062515,426.1794523650612,0.050287040126809464,[93.52055306 62.49989717 71.98533708 76.31998527 53.68970176 49.9782987 99.18632441 80.78262933 94.65706894 70.169253   57.86932926 49.85427001 69.77242007 98.88577559 96.3977692 ]
150,20,0.8,0.01,2.0,110,2,36,1807.5392692669234,1327.4059619086268,775.9135037731868,257.5823285768552,0.0170845265888602,[96.46063284 62.05559521 81.58725686 97.28504511 43.08740628 44.36962732 58.52272669 72.64115929 51.61496476 92.5601038  35.63276008 64.68957587 78.70193361 54.59302864 83.17001423]
150,20,0.8,0.01,2.0,110,2,37,2891.157175983422,1489.5644365493224,775.9135037731868,500.68712299399243,0.0170845265888602,[96.46063284 62.05559521 81.58725686 97.28504511 43.08740628 44.36962732 58.52272669 72.64115929 51.61496476 92.5601038  35.63276008 64.68957587 78.70193361 54.59302864 83.17001423]
150,20,0.8,0.01,2.0,110,2,38,2471.2536654322193,1517.7583983484217,775.9135037731868,369.32840388116085,0.0170845265888602,[96.46063284 62.05559521 81.58725686 97.28504511 43.08740628 44.36962732 58.52272669 72.64115929 51.61496476 92.5601038  35.63276008 64.68957587 78.70193361 54.59302864 83.17001423]
150,20,0.8,0.01,2.0,110,2,39,4060.7229752602207,1572.126890447118,775.9135037731868,694.5420565023936,0.0170845265888602,[96.46063284 62.05559521 81.58725686 97.28504511 43.08740628 44.36962732 58.52272669 72.64115929 51.61496476 92.5601038  35.63276008 64.68957587 78.70193361 54.59302864 83.17001423]
150,20,0.8,0.01,2.0,110,2,40,2586.655196520247,1483.138588846135,775.9135037731868,489.5475893464519,0.0170845265888602,[96.46063284 62.05559521 81.58725686 97.28504511 43.08740628 44.36962732 58.52272669 72.64115929 51.61496476 92.5601038  35.63276008 64.68957587 78.70193361 54.59302864 83.17001423]
150,20,0.8,0.01,2.0,110,2,41,2618.3759444257316,1607.3966663031777,775.9135037731868,456.9277231821239,0.0170845265888602,[96.46063284 62.05559521 81.58725686 97.28504511 43.08740628 44.36962732 58.52272669 72.64115929 51.61496476 92.5601038  35.63276008 64.68957587 78.70193361 54.59302864 83.17001423]
150,20,0.8,0.01,2.0,110,2,42,2397.078783880625,1468.3846154379594,775.9135037731868,428.63366166336016,0.0170845265888602,[96.46063284 62.05559521 81.58725686 97.28504511 43.08740628 44.36962732 58.52272669 72.64115929 51.61496476 92.5601038  35.63276008 64.68957587 78.70193361 54.59302864 83.17001423]
150,20,0.8,0.01,2.0,110,2,43,2487.87648093936,1565.7686923179565,775.9135037731868,406.4335509830165,0.0170845265888602,[96.46063284 62.05559521 81.58725686 97.28504511 43.08740628 44.36962732 58.52272669 72.64115929 51.61496476 92.5601038  35.63276008 64.68957587 78.70193361 54.59302864 83.17001423]
150,20,0.8,0.01,2.0,110,2,44,1887.5237724795843,1459.2903848546268,775.9135037731868,266.83291852165286,0.0170845265888602,[96.46063284 62.05559521 81.58725686 97.28504511 43.08740628 44.36962732 58.52272669 72.64115929 51.61496476 92.5601038  35.63276008 64.68957587 78.70193361 54.59302864 83.17001423]
150,20,0.8,0.01,2.0,110,2,45,2940.573551264346,1478.0239584573387,775.9135037731868,524.9612414373684,0.0170845265888602,[96.46063284 62.05559521 81.58725686 97.28504511 43.08740628 44.36962732 58.52272669 72.64115929 51.61496476 92.5601038  35.63276008 64.68957587 78.70193361 54.59302864 83.17001423]
150,20,0.8,0.01,2.0,110,2,46,1599.4453594113054,1314.145866136787,775.9135037731868,166.13669953128158,0.0170845265888602,[96.46063284 62.05559521 81.58725686 97.28504511 43.08740628 44.36962732 58.52272669 72.64115929 51.61496476 92.5601038  35.63276008 64.68957587 78.70193361 54.59302864 83.17001423]
150,20,0.8,0.01,2.0,110,2,47,3588.5008127306646,1421.5100120782142,775.9135037731868,575.4708252061356,0.0170845265888602,[96.46063284 62.05559521 81.58725686 97.28504511 43.08740628 44.36962732 58.52272669 72.64115929 51.61496476 92.5601038  35.63276008 64.68957587 78.70193361 54.59302864 83.17001423]
150,20,0.8,0.01,2.0,110,2,48,2223.987666339813,1543.2081741642548,775.9135037731868,329.43689684511094,0.0170845265888602,[96.46063284 62.05559521 81.58725686 97.28504511 43.08740628 44.36962732 58.52272669 72.64115929 51.61496476 92.5601038  35.63276008 64.68957587 78.70193361 54.59302864 83.17001423]
150,20,0.8,0.01,2.0,110,2,49,1958.6987908154802,1388.406843035425,775.9135037731868,283.6338997876329,0.0170845265888602,[96.46063284 62.05559521 81.58725686 97.28504511 43.08740628 44.36962732 58.52272669 72.64115929 51.61496476 92.5601038  35.63276008 64.68957587 78.70193361 54.59302864 83.17001423]
150,20,0.8,0.01,2.0,110,2,50,2115.3173779170456,1361.9446988130398,775.9135037731868,296.11413372504734,0.0170845265888602,[96.46063284 62.05559521 81.58725686 97.28504511 43.08740628 44.36962732 58.52272669 72.64115929 51.61496476 92.5601038  35.63276008 64.68957587 78.70193361 54.59302864 83.17001423]
150,20,0.8,0.01,2.0,110,2,51,13605.41662792474,1910.1873429186319,736.8561202663363,2695.0613917558085,0.01104342039152818,[96.95894339 59.42825275 82.09376805 63.67754436 77.70636927 58.32799361 70.85684488 75.03472365 56.60787239 81.00285807 63.63296791 73.63912618 38.95489593 70.60883133 79.47824848]
150,20,0.8,0.01,2.0,110,2,52,4580.952530065581,1600.577089809621,736.8561202663363,899.0094963543863,0.01104342039152818,[96.95894339 59.42825275 82.09376805 63.67754436 77.70636927 58.32799361 70.85684488 75.03472365 56.60787239 81.00285807 63.63296791 73.63912618 38.95489593 70.60883133 79.47824848]
150,20,0.8,0.01,2.0,110,2,53,3643.4717822159705,1487.6102701215766,736.8561202663363,556.0219144169281,0.01104342039152818,[96.95894339 59.42825275 82.09376805 63.67754436 77.70636927 58.32799361 70.85684488 75.03472365 56.60787239 81.00285807 63.63296791 73.63912618 38.95489593 70.60883133 79.47824848]
150,20,0.8,0.01,2.0,110,2,54,1787.9370143439912,1303.8332010376362,736.8561202663363,257.4411387941656,0.01104342039152818,[96.95894339 59.42825275 82.09376805 63.67754436 77.70636927 58.32799361 70.85684488 75.03472365 56.60787239 81.00285807 63.63296791 73.63912618 38.95489593 70.60883133 79.47824848]
150,20,0.8,0.01,2.0,110,2,55,2095.0032699128888,1344.0784524225,736.8561202663363,309.6251600008182,0.01104342039152818,[96.95894339 59.42825275 82.09376805 63.67754436 77.70636927 58.32799361 70.85684488 75.03472365 56.60787239 81.00285807 63.63296791 73.63912618 38.95489593 70.60883133 79.47824848]
150,20,0.8,0.01,2.0,110,2,56,1901.685250928737,1362.4389145068294,736.8561202663363,290.14636307071993,0.01104342039152818,[96.95894339 59.42825275 82.09376805 63.67754436 77.70636927 58.32799361 70.85684488 75.03472365 56.60787239 81.00285807 63.63296791 73.63912618 38.95489593 70.60883133 79.47824848]
150,20,0.8,0.01,2.0,110,2,57,10599.054734709121,2245.3168021602733,736.8561202663363,2588.195796234732,0.01104342039152818,[96.95894339 59.42825275 82.09376805 63.67754436 77.70636927 58.32799361 70.85684488 75.03472365 56.60787239 81.00285807 63.63296791 73.63912618 38.95489593 70.60883133 79.47824848]
150,20,0.8,0.01,2.0,110,2,58,2385.7995611049864,1501.8882920238436,736.8561202663363,426.3601961083545,0.01104342039152818,[96.95894339 59.42825275 82.09376805 63.67754436 77.70636927 58.32799361 70.85684488 75.03472365 56.60787239 81.00285807 63.63296791 73.63912618 38.95489593 70.60883133 79.47824848]
150,20,0.8,0.01,2.0,110,2,59,1632.5638683070163,1301.3644890650046,736.8561202663363,207.62762768289045,0.01104342039152818,[96.95894339 59.42825275 82.09376805 63.67754436 77.70636927 58.32799361 70.85684488 75.03472365 56.60787239 81.00285807 63.63296791 73.63912618 38.95489593 70.60883133 79.47824848]
150,20,0.8,0.01,2.0,110,2,60,1970.3584728143403,1320.7618836338675,736.8561202663363,303.11157143074126,0.01104342039152818,[96.95894339 59.42825275 82.09376805 63.67754436 77.70636927 58.32799361 70.85684488 75.03472365 56.60787239 81.00285807 63.63296791 73.63912618 38.95489593 70.60883133 79.47824848]
150,20,0.8,0.01,2.0,110,2,61,3371.9597123378753,1406.6020200685603,736.8561202663363,531.3267267431276,0.01104342039152818,[96.95894339 59.42825275 82.09376805 63.67754436 77.70636927 58.32799361 70.85684488 75.03472365 56.60787239 81.00285807 63.63296791 73.63912618 38.95489593 70.60883133 79.47824848]
150,20,0.8,0.01,2.0,110,2,62,12968.036758513674,2639.7170786803204,736.8561202663363,3327.6289145097685,0.01104342039152818,[96.95894339 59.42825275 82.09376805 63.67754436 77.70636927 58.32799361 70.85684488 75.03472365 56.60787239 81.00285807 63.63296791 73.63912618 38.95489593 70.60883133 79.47824848]
150,20,0.8,0.01,2.0,110,2,63,4069.580240595634,1466.7084890133888,736.8561202663363,709.060821203395,0.01104342039152818,[96.95894339 59.42825275 82.09376805 63.67754436 77.70636927 58.32799361 70.85684488 75.03472365 56.60787239 81.00285807 63.63296791 73.63912618 38.95489593 70.60883133 79.47824848]
150,20,0.8,0.01,2.0,110,2,64,2147.507751762686,1438.8247807073644,736.8561202663363,282.0774528243219,0.01104342039152818,[96.95894339 59.42825275 82.09376805 63.67754436 77.70636927 58.32799361 70.85684488 75.03472365 56.60787239 81.00285807 63.63296791 73.63912618 38.95489593 70.60883133 79.47824848]
150,20,0.8,0.01,2.0,110,2,65,1915.9878176077405,1422.1733524637364,736.8561202663363,328.43320886145574,0.01104342039152818,[96.95894339 59.42825275 82.09376805 63.67754436 77.70636927 58.32799361 70.85684488 75.03472365 56.60787239 81.00285807 63.63296791 73.63912618 38.95489593 70.60883133 79.47824848]
150,20,0.8,0.01,2.0,110,2,66,1679.3188926666141,1324.1849970638355,736.8561202663363,258.7213694453904,0.01104342039152818,[96.95894339 59.42825275 82.09376805 63.67754436 77.70636927 58.32799361 70.85684488 75.03472365 56.60787239 81.00285807 63.63296791 73.63912618 38.95489593 70.60883133 79.47824848]
150,20,0.8,0.01,2.0,110,2,67,2585.096327992855,1363.0205132032256,736.8561202663363,381.4588335453577,0.01104342039152818,[96.95894339 59.42825275 82.09376805 63.67754436 77.70636927 58.32799361 70.85684488 75.03472365 56.60787239 81.00285807 63.63296791 73.63912618 38.95489593 70.60883133 79.47824848]
150,20,0.8,0.01,2.0,110,2,68,2267.2546758976955,1398.3985890991582,736.8561202663363,315.9990179501354,0.01104342039152818,[96.95894339 59.42825275 82.09376805 63.67754436 77.70636927 58.32799361 70.85684488 75.03472365 56.60787239 81.00285807 63.63296791 73.63912618 38.95489593 70.60883133 79.47824848]
150,20,0.8,0.01,2.0,110,2,69,4534.587616814911,1610.5260002240102,736.8561202663363,972.1771097097301,0.01104342039152818,[96.95894339 59.42825275 82.09376805 63.67754436 77.70636927 58.32799361 70.85684488 75.03472365 56.60787239 81.00285807 63.63296791 73.63912618 38.95489593 70.60883133 79.47824848]
150,20,0.8,0.01,2.0,110,2,70,2057.6215940977277,1402.1445744340178,736.8561202663363,342.7501923820732,0.01104342039152818,[96.95894339 59.42825275 82.09376805 63.67754436 77.70636927 58.32799361 70.85684488 75.03472365 56.60787239 81.00285807 63.63296791 73.63912618 38.95489593 70.60883133 79.47824848]
150,20,0.8,0.01,2.0,110,2,71,2253.593450957152,1449.7420112132927,736.8561202663363,394.9602070197938,0.01104342039152818,[96.95894339 59.42825275 82.09376805 63.67754436 77.70636927 58.32799361 70.85684488 75.03472365 56.60787239 81.00285807 63.63296791 73.63912618 38.95489593 70.60883133 79.47824848]
150,20,0.8,0.01,2.0,110,2,72,2068.8449446934733,1370.4851420552338,736.8561202663363,274.17590672294995,0.01104342039152818,[96.95894339 59.42825275 82.09376805 63.67754436 77.70636927 58.32799361 70.85684488 75.03472365 56.60787239 81.00285807 63.63296791 73.63912618 38.95489593 70.60883133 79.47824848]
150,20,0.8,0.01,2.0,110,2,73,1932.4015165343485,1408.4239219845863,736.8561202663363,285.3312975944192,0.01104342039152818,[96.95894339 59.42825275 82.09376805 63.67754436 77.70636927 58.32799361 70.85684488 75.03472365 56.60787239 81.00285807 63.63296791 73.63912618 38.95489593 70.60883133 79.47824848]
150,20,0.8,0.01,2.0,110,2,74,3024.5382406590024,1610.05623022968,736.8561202663363,578.7310230654593,0.01104342039152818,[96.95894339 59.42825275 82.09376805 63.67754436 77.70636927 58.32799361 70.85684488 75.03472365 56.60787239 81.00285807 63.63296791 73.63912618 38.95489593 70.60883133 79.47824848]
150,20,0.8,0.01,2.0,110,2,75,3067.3025965064467,1676.4140002802346,736.8561202663363,559.1211020289667,0.01104342039152818,[96.95894339 59.42825275 82.09376805 63.67754436 77.70636927 58.32799361 70.85684488 75.03472365 56.60787239 81.00285807 63.63296791 73.63912618 38.95489593 70.60883133 79.47824848]
150,20,0.8,0.01,2.0,110,2,76,2678.303021687384,1528.315029742313,736.8561202663363,465.87626663809607,0.01104342039152818,[96.95894339 59.42825275 82.09376805 63.67754436 77.70636927 58.32799361 70.85684488 75.03472365 56.60787239 81.00285807 63.63296791 73.63912618 38.95489593 70.60883133 79.47824848]
150,20,0.8,0.01,2.0,110,2,77,3033.230120231468,1508.9252029858776,736.8561202663363,535.8805745912863,0.01104342039152818,[96.95894339 59.42825275 82.09376805 63.67754436 77.70636927 58.32799361 70.85684488 75.03472365 56.60787239 81.00285807 63.63296791 73.63912618 38.95489593 70.60883133 79.47824848]
150,20,0.8,0.01,2.0,110,2,78,3426.436123557021,1657.9888891904077,736.8561202663363,651.1742223181855,0.01104342039152818,[96.95894339 59.42825275 82.09376805 63.67754436 77.70636927 58.32799361 70.85684488 75.03472365 56.60787239 81.00285807 63.63296791 73.63912618 38.95489593 70.60883133 79.47824848]
150,20,0.8,0.01,2.0,110,2,79,3552.981708372482,1853.4613784969374,736.8561202663363,759.6456926647505,0.01104342039152818,[96.95894339 59.42825275 82.09376805 63.67754436 77.70636927 58.32799361 70.85684488 75.03472365 56.60787239 81.00285807 63.63296791 73.63912618 38.95489593 70.60883133 79.47824848]
150,20,0.8,0.01,2.0,110,2,80,20235.32914186928,2835.753307902214,736.8561202663363,4173.144333918556,0.01104342039152818,[96.95894339 59.42825275 82.09376805 63.67754436 77.70636927 58.32799361 70.85684488 75.03472365 56.60787239 81.00285807 63.63296791 73.63912618 38.95489593 70.60883133 79.47824848]
150,20,0.8,0.01,2.0,110,2,81,4814.569853906194,1552.947838857935,736.8561202663363,803.3481202079647,0.01104342039152818,[96.95894339 59.42825275 82.09376805 63.67754436 77.70636927 58.32799361 70.85684488 75.03472365 56.60787239 81.00285807 63.63296791 73.63912618 38.95489593 70.60883133 79.47824848]
150,20,0.8,0.01,2.0,110,2,82,2666.66104544182,1602.8602570337212,736.8561202663363,492.74412853236714,0.01104342039152818,[96.95894339 59.42825275 82.09376805 63.67754436 77.70636927 58.32799361 70.85684488 75.03472365 56.60787239 81.00285807 63.63296791 73.63912618 38.95489593 70.60883133 79.47824848]
150,20,0.8,0.01,2.0,110,2,83,2702.4519313518117,1479.373913374069,736.8561202663363,441.06164933446934,0.01104342039152818,[96.95894339 59.42825275 82.09376805 63.67754436 77.70636927 58.32799361 70.85684488 75.03472365 56.60787239 81.00285807 63.63296791 73.63912618 38.95489593 70.60883133 79.47824848]
150,20,0.8,0.01,2.0,110,2,84,3417.192624479338,1502.7292277540857,736.8561202663363,590.9028390699872,0.01104342039152818,[96.95894339 59.42825275 82.09376805 63.67754436 77.70636927 58.32799361 70.85684488 75.03472365 56.60787239 81.00285807 63.63296791 73.63912618 38.95489593 70.60883133 79.47824848]
150,20,0.8,0.01,2.0,110,2,85,2366.7625538913285,1539.2821540551718,736.8561202663363,371.75913340485266,0.01104342039152818,[96.95894339 59.42825275 82.09376805 63.67754436 77.70636927 58.32799361 70.85684488 75.03472365 56.60787239 81.00285807 63.63296791 73.63912618 38.95489593 70.60883133 79.47824848]
150,20,0.8,0.01,2.0,110,2,86,13942.109385822552,2127.393401560981,736.8561202663363,2736.816346055505,0.01104342039152818,[96.95894339 59.42825275 82.09376805 63.67754436 77.70636927 58.32799361 70.85684488 75.03472365 56.60787239 81.00285807 63.63296791 73.63912618 38.95489593 70.60883133 79.47824848]
150,20,0.8,0.01,2.0,110,2,87,2729.3723436540217,1624.6584516601324,736.8561202663363,488.24012531428093,0.01104342039152818,[96.95894339 59.42825275 82.09376805 63.67754436 77.70636927 58.32799361 70.85684488 75.03472365 56.60787239 81.00285807 63.63296791 73.63912618 38.95489593 70.60883133 79.47824848]
150,20,0.8,0.01,2.0,110,2,88,5387.044503374066,2250.2644949068613,736.8561202663363,1098.2082970292968,0.01104342039152818,[96.95894339 59.42825275 82.09376805 63.67754436 77.70636927 58.32799361 70.85684488 75.03472365 56.60787239 81.00285807 63.63296791 73.63912618 38.95489593 70.60883133 79.47824848]
150,20,0.8,0.01,2.0,110,2,89,5010.628482888733,1974.9137839067548,736.8561202663363,1190.2154573189548,0.01104342039152818,[96.95894339 59.42825275 82.09376805 63.67754436 77.70636927 58.32799361 70.85684488 75.03472365 56.60787239 81.00285807 63.63296791 73.63912618 38.95489593 70.60883133 79.47824848]
150,20,0.8,0.01,2.0,110,2,90,2297.7970601335232,1480.438268689895,736.8561202663363,395.7530673458258,0.01104342039152818,[96.95894339 59.42825275 82.09376805 63.67754436 77.70636927 58.32799361 70.85684488 75.03472365 56.60787239 81.00285807 63.63296791 73.63912618 38.95489593 70.60883133 79.47824848]
150,20,0.8,0.01,2.0,110,2,91,9540.349906419266,1996.767709380557,736.8561202663363,1993.4135476060046,0.01104342039152818,[96.95894339 59.42825275 82.09376805 63.67754436 77.70636927 58.32799361 70.85684488 75.03472365 56.60787239 81.00285807 63.63296791 73.63912618 38.95489593 70.60883133 79.47824848]
150,20,0.8,0.01,2.0,110,2,92,2790.7497132779713,1533.932137895573,736.8561202663363,513.7715858591035,0.01104342039152818,[96.95894339 59.42825275 82.09376805 63.67754436 77.70636927 58.32799361 70.85684488 75.03472365 56.60787239 81.00285807 63.63296791 73.63912618 38.95489593 70.60883133 79.47824848]
150,20,0.8,0.01,2.0,110,2,93,2275.379693367808,1440.8924464938104,736.8561202663363,371.699998470242,0.01104342039152818,[96.95894339 59.42825275 82.09376805 63.67754436 77.70636927 58.32799361 70.85684488 75.03472365 56.60787239 81.00285807 63.63296791 73.63912618 38.95489593 70.60883133 79.47824848]
150,20,0.8,0.01,2.0,110,2,94,2368.513884656939,1492.6811675954928,736.8561202663363,412.8490590467861,0.01104342039152818,[96.95894339 59.42825275 82.09376805 63.67754436 77.70636927 58.32799361 70.85684488 75.03472365 56.60787239 81.00285807 63.63296791 73.63912618 38.95489593 70.60883133 79.47824848]
150,20,0.8,0.01,2.0,110,2,95,6218.847257765746,1662.6550278423904,736.8561202663363,1117.9782339173034,0.01104342039152818,[96.95894339 59.42825275 82.09376805 63.67754436 77.70636927 58.32799361 70.85684488 75.03472365 56.60787239 81.00285807 63.63296791 73.63912618 38.95489593 70.60883133 79.47824848]
150,20,0.8,0.01,2.0,110,2,96,36608.6124579506,4714.801545382638,736.8561202663363,9605.479576494958,0.01104342039152818,[96.95894339 59.42825275 82.09376805 63.67754436 77.70636927 58.32799361 70.85684488 75.03472365 56.60787239 81.00285807 63.63296791 73.63912618 38.95489593 70.60883133 79.47824848]
150,20,0.8,0.01,2.0,110,2,97,17125.141808110344,2349.387349280008,736.8561202663363,3426.9544957787325,0.01104342039152818,[96.95894339 59.42825275 82.09376805 63.67754436 77.70636927 58.32799361 70.85684488 75.03472365 56.60787239 81.00285807 63.63296791 73.63912618 38.95489593 70.60883133 79.47824848]
150,20,0.8,0.01,2.0,110,2,98,3221.6004072876553,1553.9351678944554,736.8561202663363,532.7994843102889,0.01104342039152818,[96.95894339 59.42825275 82.09376805 63.67754436 77.70636927 58.32799361 70.85684488 75.03472365 56.60787239 81.00285807 63.63296791 73.63912618 38.95489593 70.60883133 79.47824848]
150,20,0.8,0.01,2.0,110,2,99,1799.2991553817367,1376.8186194243303,736.8561202663363,273.04361498014026,0.01104342039152818,[96.95894339 59.42825275 82.09376805 63.67754436 77.70636927 58.32799361 70.85684488 75.03472365 56.60787239 81.00285807 63.63296791 73.63912618 38.95489593 70.60883133 79.47824848]
150,20,0.8,0.01,2.0,110,2,100,1761.4355030769254,1357.1437826358847,736.8561202663363,249.12627428125316,0.01104342039152818,[96.95894339 59.42825275 82.09376805 63.67754436 77.70636927 58.32799361 70.85684488 75.03472365 56.60787239 81.00285807 63.63296791 73.63912618 38.95489593 70.60883133 79.47824848]
150,20,0.8,0.01,2.0,110,2,101,6037.658524578444,1716.5059023536353,736.8561202663363,1156.3348806772533,0.01104342039152818,[96.95894339 59.42825275 82.09376805 63.67754436 77.70636927 58.32799361 70.85684488 75.03472365 56.60787239 81.00285807 63.63296791 73.63912618 38.95489593 70.60883133 79.47824848]
150,20,0.8,0.01,2.0,110,2,102,5410.475761722659,1717.243084650985,736.8561202663363,1049.40090038245,0.01104342039152818,[96.95894339 59.42825275 82.09376805 63.67754436 77.70636927 58.32799361 70.85684488 75.03472365 56.60787239 81.00285807 63.63296791 73.63912618 38.95489593 70.60883133 79.47824848]
150,20,0.8,0.01,2.0,110,2,103,3778.570067577553,1581.0725771938828,736.8561202663363,723.7393160027016,0.01104342039152818,[96.95894339 59.42825275 82.09376805 63.67754436 77.70636927 58.32799361 70.85684488 75.03472365 56.60787239 81.00285807 63.63296791 73.63912618 38.95489593 70.60883133 79.47824848]
150,20,0.8,0.01,2.0,110,2,104,4358.364086768388,1603.8405723310368,736.8561202663363,732.7966201221108,0.01104342039152818,[96.95894339 59.42825275 82.09376805 63.67754436 77.70636927 58.32799361 70.85684488 75.03472365 56.60787239 81.00285807 63.63296791 73.63912618 38.95489593 70.60883133 79.47824848]
150,20,0.8,0.01,2.0,110,2,105,1943.7670908209332,1315.6095025853833,736.8561202663363,297.81955457680965,0.01104342039152818,[96.95894339 59.42825275 82.09376805 63.67754436 77.70636927 58.32799361 70.85684488 75.03472365 56.60787239 81.00285807 63.63296791 73.63912618 38.95489593 70.60883133 79.47824848]
150,20,0.8,0.01,2.0,110,2,106,1814.1156765413575,1318.2370696080166,736.8561202663363,245.05993631729663,0.01104342039152818,[96.95894339 59.42825275 82.09376805 63.67754436 77.70636927 58.32799361 70.85684488 75.03472365 56.60787239 81.00285807 63.63296791 73.63912618 38.95489593 70.60883133 79.47824848]
150,20,0.8,0.01,2.0,110,2,107,1836.2216341048472,1334.7530348172145,736.8561202663363,250.20600554201548,0.01104342039152818,[96.95894339 59.42825275 82.09376805 63.67754436 77.70636927 58.32799361 70.85684488 75.03472365 56.60787239 81.00285807 63.63296791 73.63912618 38.95489593 70.60883133 79.47824848]
150,20,0.8,0.01,2.0,110,2,108,1857.2142709902723,1341.876140225331,736.8561202663363,310.98695128410543,0.01104342039152818,[96.95894339 59.42825275 82.09376805 63.67754436 77.70636927 58.32799361 70.85684488 75.03472365 56.60787239 81.00285807 63.63296791 73.63912618 38.95489593 70.60883133 79.47824848]
150,20,0.8,0.01,2.0,110,2,109,1905.5232502539866,1355.0411336916868,736.8561202663363,279.6142382208887,0.01104342039152818,[96.95894339 59.42825275 82.09376805 63.67754436 77.70636927 58.32799361 70.85684488 75.03472365 56.60787239 81.00285807 63.63296791 73.63912618 38.95489593 70.60883133 79.47824848]
150,20,0.8,0.01,2.0,110,2,110,1729.7458550984013,1324.689503448981,736.8561202663363,260.1525704163783,0.01104342039152818,[96.95894339 59.42825275 82.09376805 63.67754436 77.70636927 58.32799361 70.85684488 75.03472365 56.60787239 81.00285807 63.63296791 73.63912618 38.95489593 70.60883133 79.47824848]
150,20,0.8,0.01,2.0,110,2,111,1853.133349326649,1281.5686929711394,736.8561202663363,281.239839917004,0.01104342039152818,[96.95894339 59.42825275 82.09376805 63.67754436 77.70636927 58.32799361 70.85684488 75.03472365 56.60787239 81.00285807 63.63296791 73.63912618 38.95489593 70.60883133 79.47824848]
150,20,0.8,0.01,2.0,110,2,112,2143.114006884686,1423.9113834409495,736.8561202663363,388.7182670080614,0.01104342039152818,[96.95894339 59.42825275 82.09376805 63.67754436 77.70636927 58.32799361 70.85684488 75.03472365 56.60787239 81.00285807 63.63296791 73.63912618 38.95489593 70.60883133 79.47824848]
150,20,0.8,0.01,2.0,110,2,113,1666.3791823869715,1297.3514211810739,736.8561202663363,252.2667191693851,0.01104342039152818,[96.95894339 59.42825275 82.09376805 63.67754436 77.70636927 58.32799361 70.85684488 75.03472365 56.60787239 81.00285807 63.63296791 73.63912618 38.95489593 70.60883133 79.47824848]
150,20,0.8,0.01,2.0,110,2,114,1807.213463441246,1237.6814673582053,653.0286400479282,289.71992768849617,0.03301825837356665,[ 77.14900164  54.17845871  96.5162088   75.91011553  48.444448  56.89330922  73.41851753  81.3537291   79.8038355   59.36740963  78.31277946  47.55698543  78.43446143  86.3227037  102.77234046]
150,20,0.8,0.01,2.0,110,2,115,1686.0786815436243,1311.2563911932361,653.0286400479282,234.47395254795285,0.03301825837356665,[ 77.14900164  54.17845871  96.5162088   75.91011553  48.444448  56.89330922  73.41851753  81.3537291   79.8038355   59.36740963  78.31277946  47.55698543  78.43446143  86.3227037  102.77234046]
150,20,0.8,0.01,2.0,110,2,116,1639.0112196448013,1330.0343541448997,653.0286400479282,232.90948186978724,0.03301825837356665,[ 77.14900164  54.17845871  96.5162088   75.91011553  48.444448  56.89330922  73.41851753  81.3537291   79.8038355   59.36740963  78.31277946  47.55698543  78.43446143  86.3227037  102.77234046]
150,20,0.8,0.01,2.0,110,2,117,5264.11658496621,1636.169076889287,653.0286400479282,895.8920079583531,0.03301825837356665,[ 77.14900164  54.17845871  96.5162088   75.91011553  48.444448  56.89330922  73.41851753  81.3537291   79.8038355   59.36740963  78.31277946  47.55698543  78.43446143  86.3227037  102.77234046]
150,20,0.8,0.01,2.0,110,2,118,2647.49650781915,1548.5467498728449,653.0286400479282,516.9404641010211,0.03301825837356665,[ 77.14900164  54.17845871  96.5162088   75.91011553  48.444448  56.89330922  73.41851753  81.3537291   79.8038355   59.36740963  78.31277946  47.55698543  78.43446143  86.3227037  102.77234046]
150,20,0.8,0.01,2.0,110,2,119,2056.006569414564,1349.9912271961794,653.0286400479282,276.6667002328564,0.03301825837356665,[ 77.14900164  54.17845871  96.5162088   75.91011553  48.444448  56.89330922  73.41851753  81.3537291   79.8038355   59.36740963  78.31277946  47.55698543  78.43446143  86.3227037  102.77234046]
150,20,0.8,0.01,2.0,110,2,120,1863.2744977871741,1270.4844283143484,653.0286400479282,277.1580015038408,0.03301825837356665,[ 77.14900164  54.17845871  96.5162088   75.91011553  48.444448  56.89330922  73.41851753  81.3537291   79.8038355   59.36740963  78.31277946  47.55698543  78.43446143  86.3227037  102.77234046]
150,20,0.8,0.01,2.0,110,2,121,1941.8099993084943,1285.7694487731974,653.0286400479282,259.0628208407304,0.03301825837356665,[ 77.14900164  54.17845871  96.5162088   75.91011553  48.444448  56.89330922  73.41851753  81.3537291   79.8038355   59.36740963  78.31277946  47.55698543  78.43446143  86.3227037  102.77234046]
150,20,0.8,0.01,2.0,110,2,122,1927.3872181538622,1406.8102340809396,653.0286400479282,303.50222504199536,0.03301825837356665,[ 77.14900164  54.17845871  96.5162088   75.91011553  48.444448  56.89330922  73.41851753  81.3537291   79.8038355   59.36740963  78.31277946  47.55698543  78.43446143  86.3227037  102.77234046]
150,20,0.8,0.01,2.0,110,2,123,16249.37410385092,2156.3852382169275,653.0286400479282,3250.7578161400065,0.03301825837356665,[ 77.14900164  54.17845871  96.5162088   75.91011553  48.444448  56.89330922  73.41851753  81.3537291   79.8038355   59.36740963  78.31277946  47.55698543  78.43446143  86.3227037  102.77234046]
150,20,0.8,0.01,2.0,110,2,124,9562.294613111068,1733.951768832987,653.0286400479282,1820.7929145254434,0.03301825837356665,[ 77.14900164  54.17845871  96.5162088   75.91011553  48.444448  56.89330922  73.41851753  81.3537291   79.8038355   59.36740963  78.31277946  47.55698543  78.43446143  86.3227037  102.77234046]
150,20,0.8,0.01,2.0,110,2,125,1922.2886770959615,1329.6162171583526,653.0286400479282,289.5195935982535,0.03301825837356665,[ 77.14900164  54.17845871  96.5162088   75.91011553  48.444448  56.89330922  73.41851753  81.3537291   79.8038355   59.36740963  78.31277946  47.55698543  78.43446143  86.3227037  102.77234046]
150,20,0.8,0.01,2.0,110,2,126,1565.1908607417813,1228.738576570106,653.0286400479282,243.07567610924656,0.03301825837356665,[ 77.14900164  54.17845871  96.5162088   75.91011553  48.444448  56.89330922  73.41851753  81.3537291   79.8038355   59.36740963  78.31277946  47.55698543  78.43446143  86.3227037  102.77234046]
150,20,0.8,0.01,2.0,110,2,127,1798.0059215421888,1331.5118022725894,653.0286400479282,251.8314889232655,0.03301825837356665,[ 77.14900164  54.17845871  96.5162088   75.91011553  48.444448  56.89330922  73.41851753  81.3537291   79.8038355   59.36740963  78.31277946  47.55698543  78.43446143  86.3227037  102.77234046]
150,20,0.8,0.01,2.0,110,2,128,1839.0836168147782,1297.2816060374685,653.0286400479282,252.68329750192868,0.03301825837356665,[ 77.14900164  54.17845871  96.5162088   75.91011553  48.444448  56.89330922  73.41851753  81.3537291   79.8038355   59.36740963  78.31277946  47.55698543  78.43446143  86.3227037  102.77234046]
150,20,0.8,0.01,2.0,110,2,129,1641.8357355658677,1328.932484231583,653.0286400479282,228.90122204206088,0.03301825837356665,[ 77.14900164  54.17845871  96.5162088   75.91011553  48.444448  56.89330922  73.41851753  81.3537291   79.8038355   59.36740963  78.31277946  47.55698543  78.43446143  86.3227037  102.77234046]
150,20,0.8,0.01,2.0,110,2,130,1722.053862931331,1294.5067865636875,653.0286400479282,220.23683543049086,0.03301825837356665,[ 77.14900164  54.17845871  96.5162088   75.91011553  48.444448  56.89330922  73.41851753  81.3537291   79.8038355   59.36740963  78.31277946  47.55698543  78.43446143  86.3227037  102.77234046]
150,20,0.8,0.01,2.0,110,2,131,1494.1977744755693,1184.7129547683803,653.0286400479282,172.84399362355825,0.03301825837356665,[ 77.14900164  54.17845871  96.5162088   75.91011553  48.444448  56.89330922  73.41851753  81.3537291   79.8038355   59.36740963  78.31277946  47.55698543  78.43446143  86.3227037  102.77234046]
150,20,0.8,0.01,2.0,110,2,132,1747.5131917666222,1304.4735636778064,653.0286400479282,244.75508946788838,0.03301825837356665,[ 77.14900164  54.17845871  96.5162088   75.91011553  48.444448  56.89330922  73.41851753  81.3537291   79.8038355   59.36740963  78.31277946  47.55698543  78.43446143  86.3227037  102.77234046]
150,20,0.8,0.01,2.0,110,2,133,1810.0402769048844,1307.7575554581251,653.0286400479282,238.76242953103977,0.03301825837356665,[ 77.14900164  54.17845871  96.5162088   75.91011553  48.444448  56.89330922  73.41851753  81.3537291   79.8038355   59.36740963  78.31277946  47.55698543  78.43446143  86.3227037  102.77234046]
150,20,0.8,0.01,2.0,110,2,134,1810.9707393882277,1348.1735861774043,653.0286400479282,234.51391387371217,0.03301825837356665,[ 77.14900164  54.17845871  96.5162088   75.91011553  48.444448  56.89330922  73.41851753  81.3537291   79.8038355   59.36740963  78.31277946  47.55698543  78.43446143  86.3227037  102.77234046]
150,20,0.8,0.01,2.0,110,2,135,1871.2669981582653,1281.5357005383319,653.0286400479282,256.8963829714104,0.03301825837356665,[ 77.14900164  54.17845871  96.5162088   75.91011553  48.444448  56.89330922  73.41851753  81.3537291   79.8038355   59.36740963  78.31277946  47.55698543  78.43446143  86.3227037  102.77234046]
150,20,0.8,0.01,2.0,110,2,136,2179.8189620142425,1389.8445200312894,653.0286400479282,350.56732183604737,0.03301825837356665,[ 77.14900164  54.17845871  96.5162088   75.91011553  48.444448  56.89330922  73.41851753  81.3537291   79.8038355   59.36740963  78.31277946  47.55698543  78.43446143  86.3227037  102.77234046]
150,20,0.8,0.01,2.0,110,2,137,1981.6925006642502,1355.559556098939,653.0286400479282,268.54690082187534,0.03301825837356665,[ 77.14900164  54.17845871  96.5162088   75.91011553  48.444448  56.89330922  73.41851753  81.3537291   79.8038355   59.36740963  78.31277946  47.55698543  78.43446143  86.3227037  102.77234046]
150,20,0.8,0.01,2.0,110,2,138,3682.017177553014,1643.443030266769,653.0286400479282,668.9395028434235,0.03301825837356665,[ 77.14900164  54.17845871  96.5162088   75.91011553  48.444448  56.89330922  73.41851753  81.3537291   79.8038355   59.36740963  78.31277946  47.55698543  78.43446143  86.3227037  102.77234046]
150,20,0.8,0.01,2.0,110,2,139,1666.217512163526,1232.1500066170377,653.0286400479282,245.65060714261153,0.03301825837356665,[ 77.14900164  54.17845871  96.5162088   75.91011553  48.444448  56.89330922  73.41851753  81.3537291   79.8038355   59.36740963  78.31277946  47.55698543  78.43446143  86.3227037  102.77234046]
150,20,0.8,0.01,2.0,110,2,140,1858.0315151258835,1353.402952481721,653.0286400479282,240.79042099689633,0.03301825837356665,[ 77.14900164  54.17845871  96.5162088   75.91011553  48.444448  56.89330922  73.41851753  81.3537291   79.8038355   59.36740963  78.31277946  47.55698543  78.43446143  86.3227037  102.77234046]
150,20,0.8,0.01,2.0,110,2,141,49194.45425835438,4048.8023867008037,653.0286400479282,10454.902498901494,0.03301825837356665,[ 77.14900164  54.17845871  96.5162088   75.91011553  48.444448  56.89330922  73.41851753  81.3537291   79.8038355   59.36740963  78.31277946  47.55698543  78.43446143  86.3227037  102.77234046]
150,20,0.8,0.01,2.0,110,2,142,2204.2851934484,1403.2145267997712,653.0286400479282,335.74556190891957,0.03301825837356665,[ 77.14900164  54.17845871  96.5162088   75.91011553  48.444448  56.89330922  73.41851753  81.3537291   79.8038355   59.36740963  78.31277946  47.55698543  78.43446143  86.3227037  102.77234046]
150,20,0.8,0.01,2.0,110,2,143,2804.938068085897,1458.6644980676745,653.0286400479282,445.7388938471073,0.03301825837356665,[ 77.14900164  54.17845871  96.5162088   75.91011553  48.444448  56.89330922  73.41851753  81.3537291   79.8038355   59.36740963  78.31277946  47.55698543  78.43446143  86.3227037  102.77234046]
150,20,0.8,0.01,2.0,110,2,144,3062.489025392227,1420.6588463215362,653.0286400479282,468.6674892753116,0.03301825837356665,[ 77.14900164  54.17845871  96.5162088   75.91011553  48.444448  56.89330922  73.41851753  81.3537291   79.8038355   59.36740963  78.31277946  47.55698543  78.43446143  86.3227037  102.77234046]
150,20,0.8,0.01,2.0,110,2,145,2290.447244029186,1319.6351253139287,653.0286400479282,298.92263488840473,0.03301825837356665,[ 77.14900164  54.17845871  96.5162088   75.91011553  48.444448  56.89330922  73.41851753  81.3537291   79.8038355   59.36740963  78.31277946  47.55698543  78.43446143  86.3227037  102.77234046]
150,20,0.8,0.01,2.0,110,2,146,2859.6200982821797,1361.645019903353,653.0286400479282,402.63827991292567,0.03301825837356665,[ 77.14900164  54.17845871  96.5162088   75.91011553  48.444448  56.89330922  73.41851753  81.3537291   79.8038355   59.36740963  78.31277946  47.55698543  78.43446143  86.3227037  102.77234046]
150,20,0.8,0.01,2.0,110,2,147,2108.9308465582612,1241.2239419949253,653.0286400479282,278.44083178191937,0.03301825837356665,[ 77.14900164  54.17845871  96.5162088   75.91011553  48.444448  56.89330922  73.41851753  81.3537291   79.8038355   59.36740963  78.31277946  47.55698543  78.43446143  86.3227037  102.77234046]
150,20,0.8,0.01,2.0,110,2,148,3596.052154449628,1467.8624029480643,653.0286400479282,662.530255303049,0.03301825837356665,[ 77.14900164  54.17845871  96.5162088   75.91011553  48.444448  56.89330922  73.41851753  81.3537291   79.8038355   59.36740963  78.31277946  47.55698543  78.43446143  86.3227037  102.77234046]
150,20,0.8,0.01,2.0,110,2,149,2266.649635696099,1352.5926897667323,653.0286400479282,375.1617339428784,0.03301825837356665,[ 77.14900164  54.17845871  96.5162088   75.91011553  48.444448  56.89330922  73.41851753  81.3537291   79.8038355   59.36740963  78.31277946  47.55698543  78.43446143  86.3227037  102.77234046]
